1.754549789428710938e+01
1.416077136993408203e+01
7.282669544219970703e+00
3.216999053955078125e+00
-3.035321533679962158e-01
-1.564163923263549805e+00
-3.964318275451660156e+00
-9.647215843200683594e+00
-1.160843563079833984e+01
-1.181767177581787109e+01
-8.880419731140136719e+00
-1.350595188140869141e+01
-1.468642807006835938e+01
-8.151058197021484375e+00
1.911640930175781250e+01
1.627387619018554688e+01
1.132731628417968750e+01
1.003795719146728516e+01
-8.981081008911132812e+00
2.746918439865112305e+00
7.598813533782958984e+00
4.927916526794433594e+00
9.275067329406738281e+00
8.073757171630859375e+00
4.194746971130371094e+00
1.042800521850585938e+01
1.110433578491210938e+01
-1.460397911071777344e+01
9.806498527526855469e+00
1.583139133453369141e+01
1.437156295776367188e+01
-1.643775749206542969e+01
-1.679733467102050781e+01
-1.770571708679199219e+01
-1.645413208007812500e+01
-1.832579612731933594e+01
-1.792436218261718750e+01
-1.713427925109863281e+01
-1.449072360992431641e+01
-1.732285881042480469e+01
-1.818358993530273438e+01
-1.043876838684082031e+01
-1.450123691558837891e+01
-7.607515335083007812e+00
-3.457936286926269531e+00
-7.198060989379882812e+00
-1.551340103149414062e+00
-9.176474571228027344e+00
-1.245819854736328125e+01
9.400696754455566406e+00
1.198617553710937500e+01
1.566388130187988281e+01
1.684308052062988281e+01
1.650761604309082031e+01
1.180890941619873047e+01
1.203393077850341797e+01
8.406356811523437500e+00
7.036377787590026855e-01
-1.009404373168945312e+01
-1.573619079589843750e+01
1.243408298492431641e+01
1.214508438110351562e+01
1.275548553466796875e+01
9.705821990966796875e+00
1.408430576324462891e+01
1.126779556274414062e+01
1.284603309631347656e+01
1.222436237335205078e+01
1.420660781860351562e+01
1.139758586883544922e+01
9.643336296081542969e+00
5.255534172058105469e+00
-1.789937019348144531e+00
2.341484546661376953e+00
2.167908906936645508e+00
-1.592222154140472412e-01
1.864558935165405273e+00
-1.360302716493606567e-01
-1.007766246795654297e+00
3.879012823104858398e+00
2.179228782653808594e+00
-3.389551162719726562e+00
3.178555667400360107e-01
-4.402796268463134766e+00
-1.483711361885070801e+00
-1.157503485679626465e+00
-7.159579992294311523e-01
-3.167777538299560547e+00
-4.280064582824707031e+00
-2.446729898452758789e+00
-4.685291945934295654e-01
-1.977649182081222534e-01
-8.661976456642150879e-01
-8.160663247108459473e-01
-1.966173887252807617e+00
-2.604840278625488281e+00
-1.294310569763183594e+00
-2.189518928527832031e+00
-2.021083608269691467e-02
-1.125446557998657227e-01
3.488664627075195312e-01
-4.073572158813476562e+00
-3.263095617294311523e+00
1.137407183647155762e+00
3.098273038864135742e+00
2.340997695922851562e+00
1.127906322479248047e+00
7.426854372024536133e-01
-4.388046741485595703e+00
-3.127575397491455078e+00
-9.473511695861816406e+00
2.872303426265716553e-01
-1.053760623931884766e+01
-3.806041955947875977e+00
-2.301732301712036133e+00
-3.277332544326782227e+00
8.042287826538085938e-01
4.176133573055267334e-01
-9.705709815025329590e-01
-9.258684158325195312e+00
-8.991173744201660156e+00
-1.395380210876464844e+01
-1.294880867004394531e+01
-1.521460723876953125e+01
-1.137091255187988281e+01
4.842578887939453125e+00
-1.305009460449218750e+01
-1.442770576477050781e+01
-1.748625373840332031e+01
-9.552553176879882812e+00
-1.671561241149902344e+00
3.216513665392994881e-03
-2.632769823074340820e+00
3.568337440490722656e+00
-4.875112056732177734e+00
5.200096607208251953e+00
4.092735290527343750e+00
1.390107512474060059e+00
5.032903671264648438e+00
6.663081169128417969e+00
5.656629800796508789e-01
-3.171333312988281250e+00
-4.771708965301513672e+00
-6.914430141448974609e+00
-8.720685005187988281e+00
-6.954312801361083984e+00
-4.351688861846923828e+00
-1.142778015136718750e+01
-9.747618675231933594e+00
-1.812891721725463867e+00
-5.806296348571777344e+00
-7.786923408508300781e+00
-6.199683189392089844e+00
-1.229556798934936523e+00
4.377908706665039062e-01
2.777487039566040039e+00
5.050395131111145020e-01
2.833957195281982422e+00
2.344691514968872070e+00
5.785214900970458984e+00
1.285066366195678711e+00
6.007297992706298828e+00
6.487745285034179688e+00
1.159751129150390625e+01
7.366380214691162109e+00
5.600282669067382812e+00
6.640054702758789062e+00
5.969269275665283203e+00
2.530465126037597656e+00
-6.310576438903808594e+00
3.889170646667480469e+00
-4.430041790008544922e+00
4.909609317779541016e+00
4.662032127380371094e+00
6.581040382385253906e+00
-1.412950706481933594e+01
-1.436183357238769531e+01
-1.219126796722412109e+01
-1.080106067657470703e+01
-1.048212432861328125e+01
2.699492931365966797e+00
-9.954195022583007812e+00
-6.401546299457550049e-02
-1.043028640747070312e+01
-6.550806045532226562e+00
-1.221597862243652344e+01
-1.121893787384033203e+01
-1.687504410743713379e+00
1.367774128913879395e+00
-3.155137062072753906e+00
-5.943191051483154297e+00
-1.721736717224121094e+01
-1.593946170806884766e+01
-1.318030643463134766e+01
-1.263900852203369141e+01
-1.295207405090332031e+01
-1.327716541290283203e+01
-7.176003456115722656e-01
2.376594543457031250e+00
-5.211299419403076172e+00
5.771609783172607422e+00
6.720867156982421875e+00
9.592761039733886719e+00
9.920451164245605469e+00
1.062516212463378906e+01
7.795369148254394531e+00
4.444915771484375000e+00
6.576601982116699219e+00
-4.847873687744140625e+00
6.033810138702392578e+00
1.337531089782714844e+00
8.658093452453613281e+00
7.638461112976074219e+00
9.608119010925292969e+00
4.724242687225341797e+00
2.095895290374755859e+00
4.413914203643798828e+00
3.702913045883178711e+00
6.092441082000732422e+00
7.042577743530273438e+00
8.390218734741210938e+00
1.050400352478027344e+01
9.764248847961425781e+00
8.282758712768554688e+00
7.914924144744873047e+00
7.620737075805664062e+00
6.032002925872802734e+00
8.924509048461914062e+00
8.070094108581542969e+00
8.136941909790039062e+00
6.014550209045410156e+00
7.633396625518798828e+00
5.082572460174560547e+00
5.704809665679931641e+00
7.387833595275878906e+00
6.123389244079589844e+00
6.092616558074951172e+00
7.074286460876464844e+00
-2.938688516616821289e+00
-5.440552711486816406e+00
-6.847589492797851562e+00
-8.118890762329101562e+00
-6.339421749114990234e+00
-5.087871074676513672e+00
-4.340964317321777344e+00
-9.499296188354492188e+00
-2.041456460952758789e+00
-8.311031460762023926e-01
-2.154259443283081055e+00
-2.138264179229736328e+00
-6.327928066253662109e+00
-6.760564804077148438e+00
-5.391610622406005859e+00
-5.053652286529541016e+00
-1.236605930328369141e+01
-9.457664489746093750e+00
-5.386829853057861328e+00
-5.298472881317138672e+00
-6.120271682739257812e+00
-1.213715267181396484e+01
-1.130722427368164062e+01
-1.080616855621337891e+01
-1.269921398162841797e+01
-1.375925827026367188e+01
-1.042774200439453125e+01
-1.112547683715820312e+01
-8.804848670959472656e+00
-3.268644809722900391e-01
5.500673294067382812e+00
2.805053949356079102e+00
-3.079688549041748047e+00
-3.931265115737915039e+00
-1.159165859222412109e+01
-1.208935832977294922e+01
-7.495614051818847656e+00
-1.350142669677734375e+01
-1.150128459930419922e+01
-1.031001091003417969e+01
-1.554648971557617188e+01
-1.332301807403564453e+01
-1.192986297607421875e+01
-8.188035011291503906e+00
-4.704288959503173828e+00
2.954707622528076172e+00
2.860494613647460938e+00
2.189226627349853516e+00
2.295061349868774414e+00
-6.606837511062622070e-01
1.532074260711669922e+01
3.476027488708496094e+00
3.120321989059448242e+00
1.136339950561523438e+01
5.485275983810424805e-01
-2.961388349533081055e+00
-9.698011398315429688e+00
-1.499148941040039062e+01
-4.343803405761718750e+00
-7.014474391937255859e+00
2.787989854812622070e+00
7.229621410369873047e+00
5.165756225585937500e+00
1.271829366683959961e+00
-5.203698158264160156e+00
-2.361503839492797852e+00
7.209402918815612793e-01
1.051882266998291016e+01
4.534889698028564453e+00
1.359913063049316406e+01
1.615757560729980469e+01
1.808665466308593750e+01
1.764794158935546875e+01
1.211795139312744141e+01
1.758180499076843262e+00
1.244235134124755859e+01
7.978830814361572266e+00
1.859036827087402344e+01
1.061330604553222656e+01
1.154213428497314453e+01
1.312496566772460938e+01
1.773985671997070312e+01
1.738261413574218750e+01
1.504833793640136719e+01
1.822641181945800781e+01
1.353232765197753906e+01
1.280378818511962891e+01
1.151765537261962891e+01
1.244344806671142578e+01
7.106975078582763672e+00
1.056077957153320312e+01
5.805088996887207031e+00
1.472412824630737305e+00
-5.312432765960693359e+00
-1.389884233474731445e+00
-3.549290418624877930e+00
-7.055932998657226562e+00
8.133009910583496094e+00
3.248973369598388672e+00
1.723047375679016113e+00
7.231939792633056641e+00
9.768352508544921875e+00
8.765854835510253906e+00
5.625334382057189941e-01
1.181834101676940918e+00
-4.559351596981287003e-03
-2.564448595046997070e+00
6.209127426147460938e+00
7.551803112030029297e+00
1.199333477020263672e+01
1.324535465240478516e+01
1.129044914245605469e+01
5.554737091064453125e+00
4.683287143707275391e+00
2.855889797210693359e+00
7.127758979797363281e+00
1.354873466491699219e+01
1.603383827209472656e+01
1.321004772186279297e+01
1.569361495971679688e+01
1.239165592193603516e+01
1.351401519775390625e+01
5.733036994934082031e+00
6.010905265808105469e+00
9.526901245117187500e+00
-3.706817388534545898e+00
-7.000380516052246094e+00
1.135997009277343750e+01
-1.160358667373657227e+00
-6.922513484954833984e+00
-8.046634674072265625e+00
-7.726952075958251953e+00
1.144628620147705078e+01
8.129831314086914062e+00
-1.364272022247314453e+01
-4.613893508911132812e+00
-5.964663028717041016e+00
-4.551409721374511719e+00
-2.126956224441528320e+00
-2.502131938934326172e+00
1.614035415649414062e+01
5.503797531127929688e-01
-3.827932178974151611e-01
-7.002356052398681641e+00
-2.945328950881958008e+00
-8.505417823791503906e+00
-1.591417884826660156e+01
-1.838188552856445312e+01
-1.701257514953613281e+01
-1.719196128845214844e+01
-2.105696105957031250e+01
-2.243494796752929688e+01
-2.311086273193359375e+01
-2.302309036254882812e+01
-2.088102531433105469e+01
-1.977463722229003906e+01
-1.689674949645996094e+01
-1.823617553710937500e+01
-1.933747863769531250e+01
-1.883163261413574219e+01
-1.716055679321289062e+01
-1.802559471130371094e+01
-1.022855472564697266e+01
7.352276802062988281e+00
-2.416339874267578125e+00
8.499362945556640625e+00
5.966380119323730469e+00
4.587447643280029297e+00
6.184361457824707031e+00
6.308396339416503906e+00
5.524292945861816406e+00
7.200049757957458496e-01
-2.718729734420776367e+00
2.090290307998657227e+00
1.620137691497802734e+00
1.018410873413085938e+01
9.566448211669921875e+00
4.301890850067138672e+00
9.257699012756347656e+00
8.195000648498535156e+00
-4.212723731994628906e+00
-6.920233249664306641e+00
-3.831707000732421875e+00
4.601547241210937500e+00
9.992750167846679688e+00
-5.683273792266845703e+00
-2.098947912454605103e-01
2.747024893760681152e-01
5.041449069976806641e+00
6.085230827331542969e+00
-9.078390121459960938e+00
1.868938058614730835e-01
3.892356872558593750e+00
-2.143456697463989258e+00
5.210201263427734375e+00
6.992296218872070312e+00
1.147986221313476562e+01
1.705207252502441406e+01
-8.163748741149902344e+00
-6.047257900238037109e+00
-5.296612739562988281e+00
5.875008583068847656e+00
9.632583618164062500e+00
-8.332642316818237305e-01
1.231175518035888672e+01
2.333159255981445312e+01
1.407011890411376953e+01
1.612445640563964844e+01
5.661991596221923828e+00
6.305997371673583984e+00
1.231145191192626953e+01
4.877262413501739502e-01
1.000982093811035156e+01
1.110563850402832031e+01
1.016837024688720703e+01
1.426428031921386719e+01
8.803643226623535156e+00
9.915450096130371094e+00
8.164309501647949219e+00
1.103534889221191406e+01
1.183399295806884766e+01
7.483981132507324219e+00
1.118841266632080078e+01
9.785309791564941406e+00
8.176954269409179688e+00
5.041870594024658203e+00
1.676568984985351562e+01
6.186543464660644531e+00
1.008117389678955078e+01
5.626886844635009766e+00
6.625472068786621094e+00
5.942981243133544922e+00
9.603607177734375000e+00
8.437284469604492188e+00
3.466258287429809570e+00
1.587054252624511719e+01
1.002556514739990234e+01
1.096654129028320312e+01
5.286823272705078125e+00
1.071775722503662109e+01
1.148805046081542969e+01
1.393049716949462891e+01
1.878429031372070312e+01
-5.187766551971435547e+00
-7.507525444030761719e+00
-1.270721721649169922e+01
-6.266385316848754883e-01
1.892517280578613281e+01
1.938700103759765625e+01
1.424544239044189453e+01
1.094264125823974609e+01
1.111081600189208984e+01
2.631528139114379883e+00
8.107397079467773438e+00
2.234730482101440430e+00
6.729587554931640625e+00
2.957612752914428711e+00
1.212704086303710938e+01
9.439819335937500000e+00
7.371772766113281250e+00
9.546900749206542969e+00
1.006554603576660156e+01
1.278515720367431641e+01
9.783426284790039062e+00
5.627450466156005859e+00
1.008068275451660156e+01
-7.830442428588867188e+00
-4.882486343383789062e+00
-1.622686505317687988e+00
-3.719000339508056641e+00
8.172913551330566406e+00
9.359559059143066406e+00
8.439307212829589844e+00
7.241507530212402344e+00
4.268791675567626953e+00
1.058950233459472656e+01
1.033922290802001953e+01
1.150936889648437500e+01
1.007916355133056641e+01
1.183282089233398438e+01
1.535644435882568359e+01
7.980398654937744141e+00
8.686898231506347656e+00
9.124534606933593750e+00
1.052700805664062500e+01
1.313393592834472656e+01
1.369413375854492188e+01
1.150674152374267578e+01
7.949853420257568359e+00
1.611065673828125000e+01
8.951938629150390625e+00
9.755059242248535156e+00
1.152489662170410156e+01
1.164718532562255859e+01
1.371985435485839844e+01
3.813100576400756836e+00
2.312837123870849609e+00
6.507628917694091797e+00
7.505897998809814453e+00
8.889787673950195312e+00
7.399534702301025391e+00
8.073018074035644531e+00
6.956500530242919922e+00
1.105420494079589844e+01
1.097072315216064453e+01
1.156623554229736328e+01
1.614759635925292969e+01
1.510437774658203125e+01
1.241047096252441406e+01
6.612847805023193359e+00
1.004596042633056641e+01
1.117191028594970703e+01
1.150934314727783203e+01
8.064415931701660156e+00
1.052928161621093750e+01
1.156049251556396484e+01
1.025771331787109375e+01
1.119198417663574219e+01
7.365377902984619141e+00
9.396404266357421875e+00
9.150039672851562500e+00
3.016225814819335938e+00
6.224108695983886719e+00
3.035062313079833984e+00
-1.455184459686279297e+00
-6.021854400634765625e+00
-1.298265838623046875e+01
-1.429965972900390625e+01
-1.347084999084472656e+01
-1.642130088806152344e+01
-1.750123405456542969e+01
-1.513034534454345703e+01
-1.703107643127441406e+01
-6.418498516082763672e+00
-9.398447036743164062e+00
-1.299466658383607864e-02
-2.772547006607055664e+00
-5.863531112670898438e+00
-1.060509395599365234e+01
-1.354780673980712891e+01
-1.022199630737304688e+01
-8.978923797607421875e+00
-1.021490383148193359e+01
-8.921624183654785156e+00
-5.124751567840576172e+00
-1.191415977478027344e+01
-1.595879554748535156e+01
-1.842054367065429688e+01
-1.348030662536621094e+01
-1.484379863739013672e+01
-1.692601966857910156e+01
-1.786499404907226562e+01
-1.746914672851562500e+01
-1.886801338195800781e+01
-1.911383056640625000e+01
-1.866427612304687500e+01
-1.920323181152343750e+01
-2.029427719116210938e+01
-2.012902641296386719e+01
-1.990564155578613281e+01
-1.851505851745605469e+01
-6.867588043212890625e+00
-1.170623588562011719e+01
-1.552686405181884766e+01
-1.758480834960937500e+01
-1.717386817932128906e+01
-1.839244079589843750e+01
-1.604614257812500000e+01
-1.557355213165283203e+01
-1.437176227569580078e+01
-1.348813724517822266e+01
-1.419301986694335938e+01
-1.314829826354980469e+01
-1.377232170104980469e+01
-1.240028381347656250e+01
-1.402957248687744141e+01
-1.384179592132568359e+01
-1.336107826232910156e+01
-1.509830093383789062e+01
-1.508314037322998047e+01
-1.512723064422607422e+01
-1.463793277740478516e+01
-1.503927230834960938e+01
-1.545240688323974609e+01
-1.484074592590332031e+01
-1.881933975219726562e+01
-1.503562164306640625e+01
-1.678146743774414062e+01
-1.698235702514648438e+01
-1.765627861022949219e+01
-1.855650711059570312e+01
-1.855678749084472656e+01
-1.839584732055664062e+01
-1.717250823974609375e+01
-1.815295982360839844e+01
-1.902404403686523438e+01
-1.658377265930175781e+01
-1.890826416015625000e+01
-1.701129150390625000e+01
-1.755453491210937500e+01
-2.094987487792968750e+01
-1.850254821777343750e+01
-1.979398536682128906e+01
-2.121400642395019531e+01
-1.926260375976562500e+01
-1.979593467712402344e+01
-1.930190277099609375e+01
-1.862791252136230469e+01
-1.813024711608886719e+01
-1.850682449340820312e+01
-1.927589988708496094e+01
-1.914945793151855469e+01
-1.866142463684082031e+01
-1.866128730773925781e+01
-1.833948898315429688e+01
-2.014973258972167969e+01
-1.803731536865234375e+01
-1.884567642211914062e+01
-2.029958534240722656e+01
-1.933687210083007812e+01
-1.687315368652343750e+01
-1.696855926513671875e+01
-1.726659393310546875e+01
-1.759148216247558594e+01
-1.798578453063964844e+01
-2.053886032104492188e+01
-1.926920890808105469e+01
-1.996665382385253906e+01
-2.084084701538085938e+01
-2.147808265686035156e+01
-2.132231712341308594e+01
-2.217741584777832031e+01
-2.171402740478515625e+01
-1.844847297668457031e+01
-2.168311691284179688e+01
-2.528944778442382812e+01
-2.548247909545898438e+01
-2.437515640258789062e+01
-2.464095878601074219e+01
-2.302412796020507812e+01
-1.937716293334960938e+01
-2.221292304992675781e+01
-2.277904701232910156e+01
-2.412372398376464844e+01
-2.247179603576660156e+01
-2.020645713806152344e+01
-2.058564186096191406e+01
-1.753054618835449219e+01
-1.549345684051513672e+01
-1.684983253479003906e+01
-2.154282379150390625e+01
-2.177890014648437500e+01
-2.287228012084960938e+01
-2.293563270568847656e+01
-2.214722061157226562e+01
-2.121447944641113281e+01
-2.012429428100585938e+01
-1.830713653564453125e+01
-2.077663803100585938e+01
-2.244606208801269531e+01
-2.280150985717773438e+01
-2.025815200805664062e+01
-1.955335235595703125e+01
-1.960107994079589844e+01
-2.162547302246093750e+01
-2.037148475646972656e+01
-2.036274528503417969e+01
-1.998296928405761719e+01
-1.957161521911621094e+01
-2.242994880676269531e+01
-2.108242797851562500e+01
-1.743850135803222656e+01
-1.628141593933105469e+01
-1.406471824645996094e+01
-2.007201004028320312e+01
-2.519806671142578125e+01
-2.535729408264160156e+01
-1.899266433715820312e+01
-1.723550224304199219e+01
-1.696304321289062500e+01
-1.868953323364257812e+01
-1.860525512695312500e+01
-1.966824340820312500e+01
-1.497983074188232422e+01
-1.514286708831787109e+01
-1.442301940917968750e+01
-1.425660705566406250e+01
-1.503712081909179688e+01
-1.584074306488037109e+01
-1.275373077392578125e+01
-9.394463539123535156e+00
-1.106424903869628906e+01
-1.141426563262939453e+01
-1.108430576324462891e+01
-8.870586156845092773e-01
-3.583589076995849609e+00
-6.172492980957031250e+00
-5.330895900726318359e+00
-8.870881080627441406e+00
-6.970247745513916016e+00
-1.011199188232421875e+01
7.609238624572753906e+00
7.828813076019287109e+00
2.154459953308105469e+00
8.569371223449707031e+00
-2.847108650207519531e+01
-1.515955638885498047e+01
-1.630431175231933594e+01
-1.768368339538574219e+01
-8.814349174499511719e+00
-9.251049041748046875e+00
-1.177177906036376953e+01
-1.337580013275146484e+01
-1.890014076232910156e+01
-2.133183288574218750e+01
-2.113640022277832031e+01
-2.167103195190429688e+01
-2.007822418212890625e+01
-1.472220611572265625e+01
-1.388387489318847656e+01
-1.355011272430419922e+01
-1.407888793945312500e+01
-1.505724620819091797e+01
-1.923113250732421875e+01
-2.053221893310546875e+01
-1.463206386566162109e+01
-1.553549575805664062e+01
-1.498433971405029297e+01
-1.276600646972656250e+01
-1.255730056762695312e+01
-9.712755203247070312e+00
-6.564441680908203125e+00
-5.620241165161132812e+00
-9.994083404541015625e+00
-9.844061851501464844e+00
-1.331121349334716797e+01
-1.699795532226562500e+01
-2.091127777099609375e+01
-2.265546417236328125e+01
-2.384528160095214844e+01
-2.177197456359863281e+01
-2.225452041625976562e+01
-2.077158927917480469e+01
-1.772066307067871094e+01
-7.742322444915771484e+00
-1.064853000640869141e+01
-1.323408699035644531e+01
-1.458143711090087891e+01
-1.492173004150390625e+01
-8.615457534790039062e+00
-1.378280067443847656e+01
-2.019729232788085938e+01
-1.909045791625976562e+01
-1.790173149108886719e+01
-1.639849090576171875e+01
-1.726771736145019531e+01
-1.495262718200683594e+01
-1.704545593261718750e+01
-1.622194671630859375e+01
-1.855260467529296875e+01
-1.876939010620117188e+01
-1.948703002929687500e+01
-1.614525032043457031e+01
-1.808421707153320312e+01
-1.629843902587890625e+01
-1.920102119445800781e+01
-1.787760925292968750e+01
-1.934065437316894531e+01
-2.528230476379394531e+01
-2.228902053833007812e+01
-2.326949119567871094e+01
-2.368653869628906250e+01
-2.406037521362304688e+01
-2.294310188293457031e+01
-2.640396499633789062e+01
-2.552053260803222656e+01
-2.546238708496093750e+01
-2.610611534118652344e+01
-2.716192054748535156e+01
-2.777189826965332031e+01
-2.761116981506347656e+01
-2.784643554687500000e+01
-2.768109703063964844e+01
-2.805513572692871094e+01
-2.723360824584960938e+01
-2.757698631286621094e+01
-2.840261840820312500e+01
-2.864455223083496094e+01
-2.969731521606445312e+01
-2.782385063171386719e+01
-2.859145736694335938e+01
-2.772548484802246094e+01
-2.805156898498535156e+01
-2.821889686584472656e+01
-3.012010955810546875e+01
-2.789627265930175781e+01
-2.761684036254882812e+01
-2.794098091125488281e+01
-2.782277488708496094e+01
-2.834718322753906250e+01
-2.712861442565917969e+01
-2.706221580505371094e+01
-2.759100151062011719e+01
-2.735804748535156250e+01
-2.675266838073730469e+01
-2.686680412292480469e+01
-2.725043678283691406e+01
-2.705082702636718750e+01
-2.694121742248535156e+01
-2.664596748352050781e+01
-2.794927406311035156e+01
-2.785002708435058594e+01
-2.728404998779296875e+01
-2.719046211242675781e+01
-2.676405525207519531e+01
-2.670749664306640625e+01
-2.583765411376953125e+01
-2.755093955993652344e+01
-2.728434562683105469e+01
-2.672175979614257812e+01
-2.037770462036132812e+01
-5.016294479370117188e+00
-2.720631980895996094e+01
-2.671063232421875000e+01
-2.728032112121582031e+01
-2.481833839416503906e+01
-2.659057426452636719e+01
-2.523145103454589844e+01
-2.593872642517089844e+01
-2.485822486877441406e+01
-2.394323348999023438e+01
-2.481949424743652344e+01
-2.556168937683105469e+01
-2.557886123657226562e+01
-2.579045486450195312e+01
-2.546488571166992188e+01
-2.789930534362792969e+01
-2.751203346252441406e+01
-2.705624008178710938e+01
-2.687244987487792969e+01
-2.797952651977539062e+01
-2.778098106384277344e+01
-2.786298370361328125e+01
-2.723088264465332031e+01
-2.698998641967773438e+01
-2.721788024902343750e+01
-2.711789512634277344e+01
-2.744318962097167969e+01
-2.733248901367187500e+01
-2.745357513427734375e+01
-2.679226684570312500e+01
-2.606633758544921875e+01
-2.456569099426269531e+01
-2.555316543579101562e+01
-2.117749214172363281e+01
-2.762135314941406250e+01
-2.602444648742675781e+01
-3.228913879394531250e+01
-2.764823341369628906e+01
-2.890533256530761719e+01
-3.168380928039550781e+01
-3.203110885620117188e+01
-3.049062347412109375e+01
-3.060196304321289062e+01
-3.146272277832031250e+01
-3.157811164855957031e+01
-2.843246459960937500e+01
-2.643468284606933594e+01
-2.909279823303222656e+01
-3.112814140319824219e+01
-2.804109382629394531e+01
-2.296084594726562500e+01
-2.693358993530273438e+01
-3.123277664184570312e+01
-3.095608711242675781e+01
-3.197814941406250000e+01
-3.225163269042968750e+01
-3.346218490600585938e+01
-3.193428421020507812e+01
-3.212586212158203125e+01
-3.227219390869140625e+01
-3.238522720336914062e+01
-3.281951904296875000e+01
-3.314707183837890625e+01
-3.312454986572265625e+01
-3.286000442504882812e+01
-3.360764312744140625e+01
-3.521445846557617188e+01
-3.537117004394531250e+01
-3.653362655639648438e+01
-3.078539657592773438e+01
-3.368925476074218750e+01
-2.977423477172851562e+01
-2.913853454589843750e+01
-2.564540481567382812e+01
-2.771344375610351562e+01
-3.212248611450195312e+01
-3.350838851928710938e+01
-3.271039581298828125e+01
-3.216239929199218750e+01
-3.423961639404296875e+01
-3.489506149291992188e+01
-3.334320068359375000e+01
-3.349663925170898438e+01
-3.432238769531250000e+01
-3.461151123046875000e+01
-3.614961242675781250e+01
-3.606508636474609375e+01
-3.714527893066406250e+01
-3.795170593261718750e+01
-3.714991760253906250e+01
-3.871204376220703125e+01
-3.859199142456054688e+01
-3.929256820678710938e+01
-3.901144027709960938e+01
-3.866793441772460938e+01
-3.869168090820312500e+01
-3.922019195556640625e+01
-3.915042114257812500e+01
-3.895385742187500000e+01
-3.883990097045898438e+01
-3.905483627319335938e+01
-3.965682601928710938e+01
-3.976839828491210938e+01
-3.989317703247070312e+01
-3.968041229248046875e+01
-3.964968490600585938e+01
-3.972697448730468750e+01
-3.966853332519531250e+01
-3.907888412475585938e+01
-3.987635040283203125e+01
-4.014384841918945312e+01
-4.012296295166015625e+01
-4.067668533325195312e+01
-3.949460983276367188e+01
-4.023944473266601562e+01
-4.053570556640625000e+01
-4.071274185180664062e+01
-4.115845489501953125e+01
-4.109611129760742188e+01
-4.120859909057617188e+01
-4.151656723022460938e+01
-4.039148330688476562e+01
-4.075727462768554688e+01
-4.267931747436523438e+01
-4.302925491333007812e+01
-4.266510772705078125e+01
-4.334584045410156250e+01
-4.317444229125976562e+01
-4.332841873168945312e+01
-4.326608276367187500e+01
-4.308900451660156250e+01
-4.297606658935546875e+01
-4.268875503540039062e+01
-4.246192932128906250e+01
-4.266785430908203125e+01
-4.279934692382812500e+01
-4.232944488525390625e+01
-4.181284713745117188e+01
-4.175466537475585938e+01
-4.131024932861328125e+01
-4.204528808593750000e+01
-4.239788818359375000e+01
-4.156259918212890625e+01
-4.158274841308593750e+01
-4.187777709960937500e+01
-4.223371124267578125e+01
-4.180053710937500000e+01
-4.219274520874023438e+01
-4.193494415283203125e+01
-4.131877517700195312e+01
-4.335413360595703125e+01
-4.343724060058593750e+01
-4.068593978881835938e+01
-4.180917739868164062e+01
-4.347287368774414062e+01
-4.284409713745117188e+01
-4.253952789306640625e+01
-4.212709808349609375e+01
-4.249744796752929688e+01
-4.310910034179687500e+01
-4.317212295532226562e+01
-4.311392211914062500e+01
-4.426615905761718750e+01
-4.504141616821289062e+01
-4.532311630249023438e+01
-4.630926513671875000e+01
-5.085734176635742188e+01
-5.218181610107421875e+01
-5.260985183715820312e+01
-5.326045227050781250e+01
-5.319474029541015625e+01
-5.332073211669921875e+01
-5.169981765747070312e+01
-5.428532409667968750e+01
-5.341881179809570312e+01
-5.428401565551757812e+01
-5.483208847045898438e+01
-5.443564224243164062e+01
-5.535057830810546875e+01
-5.658630752563476562e+01
-5.705263519287109375e+01
-5.644702529907226562e+01
-5.668753814697265625e+01
-5.657414627075195312e+01
-5.551757049560546875e+01
-5.672684860229492188e+01
-5.645496749877929688e+01
-5.665661239624023438e+01
-5.649977874755859375e+01
-5.655120849609375000e+01
-5.142431640625000000e+01
-5.001841735839843750e+01
-5.075340652465820312e+01
-5.213247680664062500e+01
-5.315461730957031250e+01
-4.946675872802734375e+01
-5.001308059692382812e+01
-5.246588134765625000e+01
-5.234774780273437500e+01
-5.081283569335937500e+01
-5.116938400268554688e+01
-5.038245773315429688e+01
-5.089149475097656250e+01
-5.258392333984375000e+01
-5.342780685424804688e+01
-5.316291809082031250e+01
-5.382030487060546875e+01
-5.357857513427734375e+01
-5.333872985839843750e+01
-5.428171920776367188e+01
-5.429770660400390625e+01
-5.341678619384765625e+01
-5.435080718994140625e+01
-5.384643936157226562e+01
-5.400416564941406250e+01
-5.117042541503906250e+01
-5.589712142944335938e+01
-5.540887451171875000e+01
-5.544553756713867188e+01
-5.498514175415039062e+01
-5.509926223754882812e+01
-5.532659530639648438e+01
-5.557373428344726562e+01
-5.619003295898437500e+01
-5.588200759887695312e+01
-5.706303405761718750e+01
-5.593393325805664062e+01
-5.608711624145507812e+01
-5.658301544189453125e+01
-5.638375091552734375e+01
-5.574834060668945312e+01
-5.633543014526367188e+01
-5.657563018798828125e+01
-5.733598709106445312e+01
-5.735116195678710938e+01
-5.696484375000000000e+01
-5.738603210449218750e+01
-5.784074783325195312e+01
-5.803739166259765625e+01
-5.900032043457031250e+01
-5.714196395874023438e+01
-5.790847015380859375e+01
-5.803565979003906250e+01
-5.838541412353515625e+01
-5.840307617187500000e+01
-5.845819091796875000e+01
-5.850984573364257812e+01
-5.878062057495117188e+01
-5.916641616821289062e+01
-5.871321487426757812e+01
-5.955617523193359375e+01
-5.908999633789062500e+01
-5.888002777099609375e+01
-5.947423171997070312e+01
-5.904788208007812500e+01
-5.902411270141601562e+01
-5.866160583496093750e+01
-5.939962387084960938e+01
-5.841475677490234375e+01
-5.845007705688476562e+01
-5.701726531982421875e+01
-5.859201049804687500e+01
-5.778403854370117188e+01
-5.824385452270507812e+01
-5.918381118774414062e+01
-5.937913894653320312e+01
-5.950751876831054688e+01
-5.950401306152343750e+01
-5.895463562011718750e+01
-5.926587677001953125e+01
-5.948713684082031250e+01
-5.944812393188476562e+01
-5.850237274169921875e+01
-5.860948181152343750e+01
-5.896012496948242188e+01
-5.815910339355468750e+01
-5.760705566406250000e+01
-5.727573394775390625e+01
-5.808206176757812500e+01
-5.616040039062500000e+01
-5.639916229248046875e+01
-5.521187210083007812e+01
-5.158280944824218750e+01
-4.932369613647460938e+01
-5.082114410400390625e+01
-5.085046768188476562e+01
-5.136174011230468750e+01
-5.026636505126953125e+01
-4.827192306518554688e+01
-4.838202667236328125e+01
-4.129884719848632812e+01
-3.764944076538085938e+01
-4.352633666992187500e+01
-4.497523880004882812e+01
-4.373348236083984375e+01
-4.480759429931640625e+01
-4.487140274047851562e+01
-4.230950546264648438e+01
-3.881095886230468750e+01
-3.915309906005859375e+01
-3.984485626220703125e+01
-3.927967834472656250e+01
-3.828121948242187500e+01
-3.931836318969726562e+01
-4.006914520263671875e+01
-4.118487930297851562e+01
-3.958415985107421875e+01
-4.032258605957031250e+01
-2.803422164916992188e+01
-2.904145240783691406e+01
-1.667627716064453125e+01
-3.761674118041992188e+01
-3.256184768676757812e+01
-2.590995216369628906e+01
-2.636651992797851562e+01
-2.934380531311035156e+01
-3.659539794921875000e+01
-3.229981231689453125e+01
-3.357070922851562500e+01
-3.280807495117187500e+01
-3.253202819824218750e+01
-3.356265258789062500e+01
-3.287179565429687500e+01
-3.021943092346191406e+01
-2.616126251220703125e+01
-3.402905273437500000e+01
-3.978327941894531250e+01
-4.039655685424804688e+01
-4.053589248657226562e+01
-3.220384979248046875e+01
-2.923916244506835938e+01
-3.298420333862304688e+01
-3.477126312255859375e+01
-3.831128692626953125e+01
-3.882846832275390625e+01
-3.673982620239257812e+01
-3.861120605468750000e+01
-3.804579162597656250e+01
-3.895380401611328125e+01
-3.981956863403320312e+01
-3.923135757446289062e+01
-3.872659301757812500e+01
-3.910131454467773438e+01
-3.696628189086914062e+01
-3.686108016967773438e+01
-3.776966094970703125e+01
-3.783892440795898438e+01
-3.955432891845703125e+01
-4.198368453979492188e+01
-3.864176940917968750e+01
-4.045164871215820312e+01
-3.924527740478515625e+01
-4.156412887573242188e+01
-4.658240509033203125e+01
-4.751336288452148438e+01
-5.049415588378906250e+01
-4.806459808349609375e+01
-4.988824844360351562e+01
-3.125131225585937500e+01
-2.994982910156250000e+01
-3.437394714355468750e+01
-3.649834442138671875e+01
-3.609537506103515625e+01
-4.370275497436523438e+01
-3.255450057983398438e+01
-2.704163360595703125e+01
-2.914781570434570312e+01
-2.588643074035644531e+01
-2.239935302734375000e+01
-2.394627952575683594e+01
-2.486313629150390625e+01
-2.492311477661132812e+01
-2.454188537597656250e+01
-2.413910675048828125e+01
-2.674578666687011719e+01
-2.072180175781250000e+01
-2.177758407592773438e+01
-1.728459548950195312e+01
-1.566380119323730469e+01
-1.539340782165527344e+01
-1.219801425933837891e+01
-1.276543903350830078e+01
-1.668600082397460938e+01
-1.442187309265136719e+01
-1.500798130035400391e+01
-1.135276031494140625e+01
-9.295973777770996094e+00
-1.016092300415039062e+01
-1.347134304046630859e+01
-1.078656196594238281e+01
-1.131611347198486328e+01
-9.338356018066406250e+00
-9.821710586547851562e+00
-1.696612930297851562e+01
-1.911509704589843750e+01
-1.698699188232421875e+01
-1.868146705627441406e+01
-1.641924476623535156e+01
-1.583040046691894531e+01
-1.404427242279052734e+01
-1.440818595886230469e+01
-1.422508907318115234e+01
-1.895806503295898438e+01
-1.786954689025878906e+01
-1.562703418731689453e+01
-1.676998329162597656e+01
-1.958230590820312500e+01
-1.460790443420410156e+01
-1.572605514526367188e+01
-1.434211540222167969e+01
-1.662915420532226562e+01
-1.721933937072753906e+01
-1.517078590393066406e+01
-2.222680091857910156e+01
-2.036515617370605469e+01
-1.722381210327148438e+01
-1.452898216247558594e+01
-1.234622859954833984e+01
-1.913672256469726562e+01
-2.005129432678222656e+01
-2.058951377868652344e+01
-2.176214027404785156e+01
-2.444414710998535156e+01
-2.533783149719238281e+01
-2.383063697814941406e+01
-1.341605854034423828e+01
-1.274260139465332031e+01
-1.455667304992675781e+01
-1.556531143188476562e+01
-1.024955177307128906e+01
-1.340076255798339844e+01
-1.836969566345214844e+01
-1.115785026550292969e+01
-1.048773956298828125e+01
-9.931952476501464844e+00
-1.802061653137207031e+01
-1.397753810882568359e+01
-1.887207984924316406e+01
-1.585558032989501953e+01
-1.567784595489501953e+01
-1.602175521850585938e+01
-2.206965637207031250e+01
-2.321843910217285156e+01
-1.575898265838623047e+01
-2.018061256408691406e+01
-2.229124259948730469e+01
-1.957133674621582031e+01
-2.090161514282226562e+01
-1.802746963500976562e+01
-2.529533576965332031e+01
-2.730730247497558594e+01
-2.759794616699218750e+01
-2.411227035522460938e+01
-2.927561569213867188e+01
-2.938949394226074219e+01
-2.926158523559570312e+01
-2.919468498229980469e+01
-2.463633728027343750e+01
-2.648051261901855469e+01
-2.002788352966308594e+01
-2.714517402648925781e+01
-2.242500305175781250e+01
-3.004848098754882812e+01
-2.155513572692871094e+01
-1.992984962463378906e+01
-1.926546096801757812e+01
-1.928942298889160156e+01
-2.260297203063964844e+01
-2.637655448913574219e+01
-1.837233352661132812e+01
-1.513358783721923828e+01
-1.472357559204101562e+01
-1.690463829040527344e+01
-1.871647453308105469e+01
-1.926547431945800781e+01
-2.042903137207031250e+01
-1.628272056579589844e+01
-1.628487014770507812e+01
-1.679429054260253906e+01
-1.500808143615722656e+01
-1.715621948242187500e+01
-1.551448249816894531e+01
-1.630603981018066406e+01
-1.118970203399658203e+01
-1.613040161132812500e+01
-1.158148193359375000e+01
-9.464650154113769531e+00
-1.111041831970214844e+01
-1.185373401641845703e+01
-8.553809165954589844e+00
-4.902972221374511719e+00
-6.837867259979248047e+00
-1.044192409515380859e+01
-1.197500514984130859e+01
-1.501328182220458984e+01
-1.620523643493652344e+01
-1.317319583892822266e+01
-1.375331592559814453e+01
-1.457307910919189453e+01
-1.621683311462402344e+01
-1.075914001464843750e+01
-1.378684329986572266e+01
-1.655635643005371094e+01
-1.694231033325195312e+01
-9.130928993225097656e+00
-9.243230819702148438e+00
-3.794815301895141602e+00
-7.296344757080078125e+00
-6.578434944152832031e+00
-9.370113372802734375e+00
-1.672019577026367188e+01
-2.206242370605468750e+01
-2.250354766845703125e+01
-2.026325225830078125e+01
-1.393359470367431641e+01
-9.309263229370117188e+00
-2.210013389587402344e+01
-1.175162792205810547e+01
-1.268777179718017578e+01
-1.588313674926757812e+01
-1.094253349304199219e+01
-1.197503852844238281e+01
-1.587969398498535156e+01
-9.092723846435546875e+00
-1.206709289550781250e+01
-1.361744976043701172e+01
-1.291048431396484375e+01
-1.407767200469970703e+01
-1.418758201599121094e+01
-7.440107345581054688e+00
-1.941760635375976562e+01
-1.402754497528076172e+01
3.452947616577148438e+00
-3.624682903289794922e+00
-6.472939968109130859e+00
-1.582740592956542969e+01
-1.570374011993408203e+01
-1.410665130615234375e+01
-9.415983557701110840e-01
-6.815444946289062500e+00
3.809701681137084961e+00
3.452751398086547852e+00
4.769517421722412109e+00
3.582287788391113281e+00
-5.061756134033203125e+00
-1.484027266502380371e+00
-1.029791641235351562e+01
-2.332451438903808594e+01
-1.559365558624267578e+01
-2.855630874633789062e+01
-2.446935844421386719e+01
-1.207141971588134766e+01
-7.727389812469482422e+00
-1.150811386108398438e+01
-1.963539886474609375e+01
-1.171751022338867188e+01
-1.864667510986328125e+01
-1.837961196899414062e+01
3.624904394149780273e+00
7.398865699768066406e+00
-1.536647558212280273e+00
-2.724998283386230469e+01
-2.416928863525390625e+01
-2.733518409729003906e+01
-2.110888862609863281e+01
-6.343852996826171875e+00
-1.538885784149169922e+01
-1.074550437927246094e+01
-9.210845947265625000e+00
-1.087628364562988281e+01
-9.234648704528808594e+00
-1.192244148254394531e+01
-1.879530525207519531e+01
-8.063279151916503906e+00
-1.326288700103759766e+01
-1.533696460723876953e+01
-1.054488086700439453e+01
-1.175687217712402344e+01
-1.339105033874511719e+01
-1.610912704467773438e+01
-1.762191772460937500e+01
-1.377280044555664062e+01
-1.401608371734619141e+01
-1.383856678009033203e+01
-1.437398719787597656e+01
-1.463608837127685547e+01
-1.376957988739013672e+01
-1.684624290466308594e+01
-1.547076225280761719e+01
-1.313851356506347656e+01
-1.227101325988769531e+01
-1.149152946472167969e+01
-1.156400299072265625e+01
-1.419530010223388672e+01
-2.130046844482421875e+01
-2.362537384033203125e+01
-2.527375411987304688e+01
-7.074166297912597656e+00
-1.623770523071289062e+01
-1.793365478515625000e+01
-6.488063812255859375e+00
-1.668021011352539062e+01
-2.296079063415527344e+01
-1.272222423553466797e+01
-1.753372383117675781e+01
-1.722324562072753906e+01
-2.269465637207031250e+01
-1.220716381072998047e+01
-2.004493331909179688e+01
-1.993909072875976562e+01
-2.768727302551269531e+01
-2.347843742370605469e+01
-1.971990013122558594e+01
-1.921455001831054688e+01
-1.998360443115234375e+01
-2.059771537780761719e+01
-2.187004089355468750e+01
-1.970008277893066406e+01
-2.014583206176757812e+01
-1.792433166503906250e+01
-1.749936294555664062e+01
-1.589446067810058594e+01
-3.107375502586364746e-01
-1.975440531969070435e-01
-4.051325798034667969e+00
-7.321984767913818359e+00
-1.191537761688232422e+01
-1.100450515747070312e+01
-8.909012794494628906e+00
-1.746505546569824219e+01
-1.628710365295410156e+01
-9.613678932189941406e+00
-7.775124549865722656e+00
-1.792971253395080566e+00
-1.292776107788085938e+01
-1.327166461944580078e+01
-9.090115547180175781e+00
-6.471050739288330078e+00
-1.777715110778808594e+01
-2.923929691314697266e+00
-2.101440429687500000e+01
-9.871883392333984375e+00
-9.817478179931640625e+00
-1.998853111267089844e+01
-1.669849205017089844e+01
-1.691974830627441406e+01
-1.876363372802734375e+01
-1.985111999511718750e+01
-1.791235351562500000e+01
-2.281064796447753906e+01
-2.604740142822265625e+01
-2.733560943603515625e+01
-2.364299392700195312e+01
-2.283989715576171875e+01
-3.032246589660644531e+01
-2.573245429992675781e+01
-1.650105667114257812e+01
-2.531907081604003906e+01
-1.952530097961425781e+01
-1.577696609497070312e+01
-1.804791450500488281e+01
-2.259764862060546875e+01
-2.676609230041503906e+01
-2.300405693054199219e+01
-2.107424545288085938e+01
-7.442058086395263672e+00
-1.270963764190673828e+01
-7.786706924438476562e+00
-8.615543365478515625e+00
-1.025052165985107422e+01
-9.798388481140136719e+00
-8.269023895263671875e+00
-1.270019912719726562e+01
-7.455351829528808594e+00
-1.177589988708496094e+01
-2.018181800842285156e+01
-1.180732440948486328e+01
-1.193014717102050781e+01
-2.712245941162109375e+01
-4.186294078826904297e+00
-1.584768295288085938e+01
-2.303020286560058594e+01
-2.491567420959472656e+01
-1.932914352416992188e+01
-1.244369125366210938e+01
-4.628779411315917969e+00
-7.412790298461914062e+00
-9.540731430053710938e+00
-4.910211086273193359e+00
-9.065901041030883789e-01
1.027148437500000000e+01
-1.860438156127929688e+01
-1.678905677795410156e+01
-1.722928810119628906e+01
-7.094417572021484375e+00
-9.777665138244628906e+00
-1.691660881042480469e+01
-1.390098571777343750e+01
-1.429910182952880859e+01
-1.286944007873535156e+01
-1.704193496704101562e+01
-1.316358184814453125e+01
-1.144678592681884766e+01
-1.372566986083984375e+01
-5.910503864288330078e+00
-1.098400402069091797e+01
-1.703709983825683594e+01
-2.307420158386230469e+01
-1.962932968139648438e+01
-1.204111766815185547e+01
-1.973745155334472656e+01
-1.952059936523437500e+01
-2.276718330383300781e+01
-1.970046424865722656e+01
-2.047811317443847656e+01
-2.299349784851074219e+01
-1.124126052856445312e+01
-1.490477085113525391e+01
-1.918608856201171875e+01
-2.058749580383300781e+01
-2.116934967041015625e+01
-2.247749710083007812e+01
-1.662940216064453125e+01
-1.461976718902587891e+01
-1.475399398803710938e+01
-1.354511356353759766e+01
-1.095214080810546875e+01
-1.679866600036621094e+01
-1.558010101318359375e+01
-2.365027236938476562e+01
-2.093856239318847656e+01
-2.409992790222167969e+01
-2.283918571472167969e+01
-2.390290069580078125e+01
-2.140535354614257812e+01
-2.031645584106445312e+01
-2.271952438354492188e+01
-2.193814086914062500e+01
-1.895813751220703125e+01
-1.751531791687011719e+01
-2.456661033630371094e+01
-2.454066276550292969e+01
-2.032554817199707031e+01
-1.861604118347167969e+01
-1.932443237304687500e+01
-2.521951484680175781e+01
-2.066291427612304688e+01
-1.489489364624023438e+01
-1.113273334503173828e+01
-8.484548568725585938e+00
-8.521471977233886719e+00
-3.503072023391723633e+00
-1.125351524353027344e+01
-2.140673875808715820e+00
-7.641655445098876953e+00
-1.385626983642578125e+01
-1.699867630004882812e+01
-1.297457504272460938e+01
-7.024326324462890625e+00
-1.348109436035156250e+01
-1.370552825927734375e+01
-1.691769409179687500e+01
-1.981427955627441406e+01
-2.016934776306152344e+01
-1.997028160095214844e+01
-2.316180419921875000e+01
-1.879409217834472656e+01
-1.877109527587890625e+01
-1.643701744079589844e+01
-1.752631759643554688e+01
-1.660435485839843750e+01
-1.508909702301025391e+01
-1.145090293884277344e+01
-1.780358886718750000e+01
-2.135217666625976562e+01
-7.946622848510742188e+00
-1.878433227539062500e+01
-1.491786479949951172e+01
-1.138874435424804688e+01
-7.927636146545410156e+00
-1.225459384918212891e+01
-1.657812690734863281e+01
-1.480225276947021484e+01
-1.961417961120605469e+01
-1.910645675659179688e+01
-1.810921478271484375e+01
-1.901974868774414062e+01
-1.655203437805175781e+01
-1.562581348419189453e+01
-1.631250190734863281e+01
-1.281962490081787109e+01
-1.840193367004394531e+01
-2.128671646118164062e+01
-2.093928527832031250e+01
-2.087507057189941406e+01
-2.378828048706054688e+01
-2.395147323608398438e+01
-1.124430751800537109e+01
-2.318611526489257812e+01
-2.454612922668457031e+01
-2.688197517395019531e+01
-2.377868461608886719e+01
-1.539417171478271484e+01
-2.580968856811523438e+01
-3.465146780014038086e+00
-1.593638038635253906e+01
-1.751795005798339844e+01
-2.095240974426269531e+01
-2.039516448974609375e+01
-2.390375900268554688e+01
-2.236426925659179688e+01
-2.464589309692382812e+01
-2.147586250305175781e+01
-2.754899597167968750e+01
-2.770006561279296875e+01
-2.761263656616210938e+01
-2.801681518554687500e+01
-2.668467140197753906e+01
-3.098455429077148438e+01
-1.650525474548339844e+01
-1.058638381958007812e+01
-6.634113311767578125e+00
-2.441031455993652344e+01
-2.037500762939453125e+01
-2.122454833984375000e+01
-2.297817611694335938e+01
-2.489145851135253906e+01
-1.214561939239501953e+01
-1.935346412658691406e+01
-1.950449371337890625e+01
-1.975925254821777344e+01
-1.985802841186523438e+01
-1.712996482849121094e+01
-1.998438453674316406e+01
-1.558272075653076172e+01
-1.195515155792236328e+01
-1.191474437713623047e+01
-1.577311229705810547e+01
2.654001712799072266e+00
1.173300594091415405e-01
1.765556454658508301e+00
1.290335059165954590e+00
-4.761202335357666016e+00
-5.878678321838378906e+00
-7.807783603668212891e+00
-8.002289772033691406e+00
-3.863871097564697266e+00
-6.462803483009338379e-02
3.175558522343635559e-03
1.705291032791137695e+00
-8.446217536926269531e+00
-1.438999080657958984e+01
-1.898070907592773438e+01
-1.624621772766113281e+01
-1.391651439666748047e+01
-1.104454326629638672e+01
-1.208412170410156250e+01
-1.061708545684814453e+01
-1.145772266387939453e+01
-1.423763179779052734e+01
-9.784581184387207031e+00
-1.366540718078613281e+01
-1.783146858215332031e+01
-2.059570884704589844e+01
-1.850721549987792969e+01
-1.379334259033203125e+01
-2.039945411682128906e+01
-2.360250282287597656e+01
-2.285039710998535156e+01
-2.214712333679199219e+01
-2.451790428161621094e+01
-1.342984580993652344e+01
-1.315026760101318359e+01
-2.182530784606933594e+01
-1.903300476074218750e+01
-1.539338207244873047e+01
-1.308145809173583984e+01
-1.573767757415771484e+01
-1.923797607421875000e+01
-1.846903419494628906e+01
-2.529225540161132812e+01
-1.512287235260009766e+01
-1.752944755554199219e+01
-1.262155342102050781e+01
-1.246585178375244141e+01
-1.786227607727050781e+01
-1.466921234130859375e+01
-1.538410854339599609e+01
-1.694791412353515625e+01
-1.911206817626953125e+01
-1.597119235992431641e+01
-1.567134571075439453e+01
-1.782625389099121094e+01
-2.003944778442382812e+01
-1.666392707824707031e+01
-1.728002357482910156e+01
-1.408206462860107422e+01
-1.721704864501953125e+01
-1.863958740234375000e+01
-1.267065906524658203e+01
-1.842901420593261719e+01
-1.768160629272460938e+01
-1.985299110412597656e+01
-2.005230712890625000e+01
-2.265604209899902344e+01
-1.994931793212890625e+01
-1.824045181274414062e+01
-1.794454765319824219e+01
-1.860017776489257812e+01
-1.601141929626464844e+01
-1.865816307067871094e+01
-2.229879188537597656e+01
-6.194833755493164062e+00
-2.331396293640136719e+01
-1.303996181488037109e+01
-1.956452751159667969e+01
-2.505415725708007812e+01
-2.109278678894042969e+01
-2.104691314697265625e+01
-2.189373397827148438e+01
-2.100061798095703125e+01
-2.384272193908691406e+01
-2.221077346801757812e+01
-2.075545692443847656e+01
-2.270494651794433594e+01
-1.737516784667968750e+01
-1.671628570556640625e+01
-1.859853744506835938e+01
-1.294207000732421875e+01
-1.913825607299804688e+01
-1.881321716308593750e+01
-2.290290832519531250e+01
-1.761743927001953125e+01
-2.012390708923339844e+01
-2.008755493164062500e+01
-1.748924827575683594e+01
-1.987223815917968750e+01
-1.556798553466796875e+01
-6.517186641693115234e+00
-9.178066253662109375e+00
-1.540570259094238281e+01
-1.594421291351318359e+01
-1.913883018493652344e+01
-2.110026741027832031e+01
-1.611216354370117188e+01
-1.755285644531250000e+01
-1.688858985900878906e+01
-1.590778160095214844e+01
-1.355231285095214844e+01
-1.861428260803222656e+01
-1.465660953521728516e+01
-1.865285873413085938e+01
-2.175105285644531250e+01
-8.783187866210937500e+00
-1.526823997497558594e+01
-9.343542098999023438e+00
-1.345340156555175781e+01
-1.156511878967285156e+01
-1.213466262817382812e+01
-1.133106803894042969e+01
-1.471651935577392578e+01
-1.688310813903808594e+01
-1.572012329101562500e+01
-2.010646629333496094e+01
-1.100133132934570312e+01
-1.376703548431396484e+01
-2.338271713256835938e+01
-1.628487396240234375e+01
-2.155910301208496094e+01
-2.014370155334472656e+01
-2.325836372375488281e+01
-1.092855167388916016e+01
-1.363077735900878906e+01
-1.369968318939208984e+01
-1.072711467742919922e+01
-1.236732292175292969e+01
-5.210956573486328125e+00
-1.138267803192138672e+01
-8.440009117126464844e+00
-1.352616119384765625e+01
-1.445627593994140625e+01
-1.257266807556152344e+01
-8.585344314575195312e+00
-9.677594184875488281e+00
-1.264547252655029297e+01
-1.373596763610839844e+01
-1.292428779602050781e+01
-1.566697120666503906e+01
-1.587854766845703125e+01
-1.289158344268798828e+01
-1.408077621459960938e+01
-2.082094764709472656e+01
-1.422738838195800781e+01
-1.397964000701904297e+01
-1.416477584838867188e+01
-9.087685585021972656e+00
-1.256490325927734375e+01
-9.912178039550781250e+00
-1.777245903015136719e+01
-1.200485134124755859e+01
-1.366927337646484375e+01
-1.088199329376220703e+01
-1.018836116790771484e+01
-1.240744495391845703e+01
-1.499969005584716797e+01
-9.187735557556152344e+00
-1.297207832336425781e+01
-1.689183044433593750e+01
-1.434064579010009766e+01
-1.531594181060791016e+01
-1.124455833435058594e+01
-1.419385433197021484e+01
-1.333404350280761719e+01
-1.047397422790527344e+01
-1.141240024566650391e+01
-1.162960624694824219e+01
-1.157750129699707031e+01
-1.270219516754150391e+01
-1.268600654602050781e+01
-1.264679145812988281e+01
-1.306960296630859375e+01
-1.358681201934814453e+01
-1.270819091796875000e+01
-1.306811523437500000e+01
-1.263185310363769531e+01
-1.369282341003417969e+01
-1.243930244445800781e+01
-1.139542198181152344e+01
-1.210708618164062500e+01
-1.077299308776855469e+01
-1.015040016174316406e+01
-9.327123641967773438e+00
-1.052623176574707031e+01
-1.088390064239501953e+01
-1.171730327606201172e+01
-1.153308296203613281e+01
-1.213015842437744141e+01
-1.140860080718994141e+01
-9.946105003356933594e+00
-1.195560169219970703e+01
-1.039934539794921875e+01
-9.981142044067382812e+00
-7.265788555145263672e+00
-7.773162364959716797e+00
-6.694962024688720703e+00
-5.386118888854980469e+00
-5.041717052459716797e+00
-5.863402366638183594e+00
-4.099526405334472656e+00
-7.043008804321289062e+00
-2.466677904129028320e+00
-4.654436111450195312e+00
-2.003511667251586914e+00
-3.281333446502685547e+00
-1.385433077812194824e+00
-3.487039089202880859e+00
4.234370887279510498e-01
-5.297879219055175781e+00
-6.123308181762695312e+00
-6.037155151367187500e+00
-8.626218795776367188e+00
-6.822410583496093750e+00
-7.621109962463378906e+00
-7.106280803680419922e+00
-3.679667711257934570e+00
-5.023523330688476562e+00
-5.034347057342529297e+00
-4.502850532531738281e+00
-6.119306564331054688e+00
-5.509891510009765625e+00
-4.022975444793701172e+00
-4.655842304229736328e+00
-1.009919357299804688e+01
-1.121940135955810547e+01
-9.793709754943847656e+00
-1.288140106201171875e+01
-1.469624519348144531e+01
-1.443253135681152344e+01
-1.556142139434814453e+01
-1.644515228271484375e+01
-1.594163799285888672e+01
-1.791161537170410156e+01
-1.322198009490966797e+01
-2.053261375427246094e+01
-1.175369644165039062e+01
-1.623573303222656250e+01
-1.315420341491699219e+01
-1.386485576629638672e+01
-1.964588356018066406e+01
-1.784121322631835938e+01
-1.716257667541503906e+01
-1.851691818237304688e+01
-1.497926521301269531e+01
-1.736896705627441406e+01
-1.620694923400878906e+01
-1.617919158935546875e+01
-1.678063774108886719e+01
-1.418572616577148438e+01
-1.452402019500732422e+01
-1.748633193969726562e+01
-1.436505031585693359e+01
-1.451515007019042969e+01
-9.616986274719238281e+00
-1.664779853820800781e+01
-8.706760406494140625e+00
-7.459069728851318359e+00
-6.390543460845947266e+00
-1.157614135742187500e+01
-2.241198539733886719e+01
-2.074748277664184570e+00
-1.930364990234375000e+01
-9.894940376281738281e+00
-1.036209964752197266e+01
-1.029897594451904297e+01
-1.365553951263427734e+01
-8.896289467811584473e-01
-1.434381866455078125e+01
-1.406717872619628906e+01
-2.149700641632080078e+00
-2.209178447723388672e+00
-5.309929370880126953e+00
-3.611567497253417969e+00
-4.222525119781494141e+00
-4.314907550811767578e+00
-8.323596000671386719e+00
-9.377656936645507812e+00
-6.126888275146484375e+00
-4.477654457092285156e+00
-2.010066509246826172e+00
-7.268631458282470703e+00
-6.502652645111083984e+00
-7.189134120941162109e+00
-7.969741821289062500e+00
-6.220031261444091797e+00
1.722685813903808594e+00
-7.336305141448974609e+00
-9.774240493774414062e+00
-2.502677679061889648e+00
-7.842124462127685547e+00
-3.154116153717041016e+00
-7.922073841094970703e+00
-9.601336479187011719e+00
-5.518822669982910156e+00
-4.871702194213867188e+00
-6.862912178039550781e+00
-8.673536300659179688e+00
-8.276350021362304688e+00
-1.002583789825439453e+01
-7.454822540283203125e+00
-5.902109146118164062e+00
-5.178053379058837891e+00
-5.493622779846191406e+00
-5.698645591735839844e+00
-3.802702665328979492e+00
-4.580736637115478516e+00
-4.446373462677001953e+00
-4.365082263946533203e+00
-3.662370204925537109e+00
-3.120974302291870117e+00
-3.580276668071746826e-01
-8.997270584106445312e+00
-4.487966537475585938e+00
-7.647659182548522949e-01
-5.723533630371093750e+00
-5.668190002441406250e+00
-3.750890254974365234e+00
-4.387447357177734375e+00
-5.638801574707031250e+00
-3.712185621261596680e+00
-5.579104900360107422e+00
-3.225122928619384766e+00
-2.717823266983032227e+00
-2.800050020217895508e+00
-3.128341674804687500e+00
-3.474478483200073242e+00
-6.292188644409179688e+00
-5.088376998901367188e+00
-4.105595588684082031e+00
-4.779969692230224609e+00
-5.038197517395019531e+00
-4.907598495483398438e+00
-1.613962888717651367e+00
-6.122209429740905762e-01
1.491185784339904785e+00
-2.682057321071624756e-01
-1.307828277349472046e-01
-1.896224617958068848e+00
-1.332114696502685547e+00
-2.690316915512084961e+00
-6.179845333099365234e-01
-1.873805046081542969e+00
-4.672444820404052734e+00
-4.429338455200195312e+00
-4.020192146301269531e+00
-1.628332972526550293e+00
-2.280741691589355469e+00
-3.213937520980834961e+00
-2.937166452407836914e+00
-3.400121450424194336e+00
-3.873289585113525391e+00
-2.529937267303466797e+00
-2.816029071807861328e+00
-3.375663995742797852e+00
-5.486641883850097656e+00
-4.577912330627441406e+00
-1.190431356430053711e+00
-1.833733320236206055e+00
-1.903463244438171387e+00
-1.711370468139648438e+00
-1.410042762756347656e+00
-2.192489862442016602e+00
-1.212034583091735840e+00
-1.743086814880371094e+00
-5.300887227058410645e-01
-1.119549393653869629e+00
5.979525446891784668e-01
-1.742523908615112305e+00
-2.784190177917480469e+00
-4.514144897460937500e+00
-1.356146693229675293e+00
-7.121781110763549805e-01
1.452203750610351562e+00
1.882743597030639648e+00
6.230666041374206543e-01
1.379197955131530762e+00
-1.067651629447937012e+00
-6.975453376770019531e+00
-4.339747905731201172e+00
-5.644453525543212891e+00
-5.310182571411132812e+00
-5.939042568206787109e+00
-5.311081409454345703e+00
-6.347106456756591797e+00
-5.746387481689453125e+00
-9.091011047363281250e+00
-5.893809795379638672e+00
-3.316475391387939453e+00
-4.168343544006347656e+00
-1.402639865875244141e+00
-4.894752502441406250e+00
-2.606828689575195312e+00
7.390745282173156738e-01
-7.138839364051818848e-01
1.757287263870239258e+00
4.711918354034423828e+00
6.429080009460449219e+00
3.756394147872924805e+00
5.944676399230957031e+00
4.316698551177978516e+00
2.894001960754394531e+00
1.572043895721435547e+00
3.180002450942993164e+00
-6.032894849777221680e-01
1.128841996192932129e+00
-4.678662776947021484e+00
-3.082550764083862305e+00
-5.942809581756591797e+00
-3.541555881500244141e+00
-4.441030025482177734e+00
1.198779344558715820e+00
-6.798767566680908203e+00
-5.618778705596923828e+00
-1.889873981475830078e+00
1.591404557228088379e+00
5.313549637794494629e-01
-1.162856459617614746e+00
-1.559339642524719238e+00
-5.253827571868896484e+00
5.369107723236083984e+00
-3.045160293579101562e+00
-1.379943192005157471e-01
-1.164791882038116455e-01
1.658344149589538574e+00
3.312080860137939453e+00
1.292246699333190918e+00
-2.682038307189941406e+00
-2.967413663864135742e+00
-2.162141084671020508e+00
5.343419909477233887e-01
-1.124588489532470703e+00
-4.993400573730468750e-01
-8.044469356536865234e-02
5.287676453590393066e-01
1.855451107025146484e+00
2.786251544952392578e+00
1.535673379898071289e+00
-6.385033130645751953e-01
-1.796637773513793945e+00
-2.301692485809326172e+00
-4.914141893386840820e-01
-1.125584959983825684e+00
-3.339555561542510986e-01
-1.216098308563232422e+00
8.925426483154296875e+00
8.578833580017089844e+00
9.493163108825683594e+00
7.878902912139892578e+00
5.625861644744873047e+00
4.134025573730468750e+00
7.491071224212646484e+00
1.028547644615173340e+00
5.322625637054443359e+00
6.372826099395751953e+00
-2.229466199874877930e+00
-7.472788095474243164e-01
1.134798407554626465e+00
5.461101531982421875e+00
6.634854316711425781e+00
4.122471332550048828e+00
1.853600263595581055e+00
1.250831484794616699e+00
-8.321283340454101562e+00
-1.749399662017822266e+00
-1.082441687583923340e+00
-3.618596792221069336e+00
-3.151665925979614258e-01
-2.008276730775833130e-01
1.578533649444580078e+00
2.928213596343994141e+00
4.699249267578125000e+00
5.808351516723632812e+00
1.543452501296997070e+00
6.311588287353515625e+00
4.933271110057830811e-01
6.290564537048339844e-01
-8.550242185592651367e-01
-6.039061546325683594e-01
-3.728328466415405273e+00
-3.321137666702270508e+00
-2.822173118591308594e+00
1.320672798156738281e+01
8.214546203613281250e+00
4.820245265960693359e+00
6.688920021057128906e+00
1.220556974411010742e+00
-3.398115634918212891e+00
-1.041291594505310059e+00
2.188256263732910156e+00
-9.642587900161743164e-01
-1.678927987813949585e-01
-3.786074876785278320e+00
-9.462266564369201660e-01
-3.764432668685913086e+00
-3.465789318084716797e+00
-1.891017079353332520e+00
-4.907178401947021484e+00
-9.517237663269042969e+00
-1.114945983886718750e+01
-1.460256099700927734e+00
-1.241930365562438965e+00
-4.623747825622558594e+00
-1.277317404747009277e+00
-6.113255977630615234e+00
-2.196936368942260742e+00
-1.486069679260253906e+00
-4.088075831532478333e-02
7.083379626274108887e-01
1.261541128158569336e+00
-4.689617753028869629e-01
1.006546139717102051e+00
2.019614934921264648e+00
1.762284636497497559e+00
-8.809294700622558594e-01
-5.377639293670654297e+00
-8.469156265258789062e+00
-1.804486513137817383e+00
-7.752308845520019531e+00
-1.155043125152587891e+01
-2.013891220092773438e+01
1.219201850891113281e+01
7.505539417266845703e+00
6.749511241912841797e+00
5.972883701324462891e+00
3.856759071350097656e+00
4.333525657653808594e+00
-6.300001591444015503e-02
5.172972202301025391e+00
2.701760768890380859e+00
1.656876921653747559e+00
3.931114912033081055e+00
-5.762850046157836914e-01
-1.042368561029434204e-01
1.161473035812377930e+00
-3.861630201339721680e+00
-5.287909507751464844e-01
6.544830799102783203e-01
-1.788222938776016235e-01
2.299779891967773438e+00
3.305041790008544922e-01
-5.409716367721557617e-01
-1.847573757171630859e+00
-5.180911421775817871e-01
1.361962914466857910e+00
1.288667798042297363e+00
-2.228400468826293945e+00
-1.543627977371215820e+00
1.143115162849426270e+00
1.000852584838867188e+01
8.569346427917480469e+00
9.663952827453613281e+00
1.082091903686523438e+01
9.960561752319335938e+00
9.618813514709472656e+00
4.433078765869140625e+00
1.064177799224853516e+01
1.092525672912597656e+01
8.540781974792480469e+00
6.289433002471923828e+00
3.381846427917480469e+00
3.857254505157470703e+00
-2.360978841781616211e+00
-2.359906435012817383e+00
9.821853637695312500e+00
1.079219150543212891e+01
-7.107205390930175781e+00
-3.223424673080444336e+00
-1.751975059509277344e+00
-4.129037857055664062e+00
-1.687359094619750977e+00
-1.336553454399108887e+00
-1.255051016807556152e+00
-1.452621936798095703e+00
-9.093986749649047852e-01
5.942852973937988281e+00
3.624027967453002930e+00
2.310474157333374023e+00
-3.969827651977539062e+00
1.034099578857421875e+01
4.483251094818115234e+00
-4.948299407958984375e+00
-2.148386001586914062e+00
-4.007762908935546875e+00
-1.936617970466613770e+00
-3.158904552459716797e+00
-5.621083259582519531e+00
-5.462871864438056946e-02
9.134789109230041504e-01
1.156738877296447754e+00
-5.599229812622070312e+00
-4.749104678630828857e-01
-2.941142559051513672e+00
-5.137110352516174316e-01
-3.451189279556274414e+00
-5.904151439666748047e+00
-8.340059280395507812e+00
-1.747096061706542969e+01
-1.477383327484130859e+01
-1.217220687866210938e+01
-1.339279270172119141e+01
-1.245050048828125000e+01
-1.749606704711914062e+01
-1.774285888671875000e+01
-1.408375549316406250e+01
-1.719422149658203125e+01
-1.745552062988281250e+01
-1.734884262084960938e+01
-1.669918441772460938e+01
-1.794404029846191406e+01
-1.733169364929199219e+01
5.009997844696044922e+00
-1.563843846321105957e+00
-1.708321380615234375e+01
-1.707575607299804688e+01
-1.734442710876464844e+01
-1.701336097717285156e+01
-1.705519294738769531e+01
-1.762944602966308594e+01
-1.785035514831542969e+01
-1.689723587036132812e+01
-1.530274105072021484e+01
-1.596992683410644531e+01
-1.468314266204833984e+01
-1.699686813354492188e+01
-1.602903938293457031e+01
-1.772618675231933594e+01
-1.699428367614746094e+01
-1.598256301879882812e+01
-1.295611953735351562e+01
2.618284463882446289e+00
2.361753702163696289e+00
1.980134010314941406e+00
2.478687524795532227e+00
2.817949056625366211e+00
1.564269304275512695e+00
1.444513559341430664e+00
-6.708515644073486328e+00
-4.453321456909179688e+00
-1.035115242004394531e+01
-1.395784664154052734e+01
-1.024802875518798828e+01
-6.522592067718505859e+00
-4.944075345993041992e-01
-4.986004829406738281e+00
-8.446465730667114258e-01
-1.468689441680908203e+00
-2.719220399856567383e+00
6.764331817626953125e+00
1.304690718650817871e+00
1.677012681961059570e+00
1.926995992660522461e+00
3.517997980117797852e+00
1.386911630630493164e+00
1.166757475584745407e-02
1.699211597442626953e+00
8.558976650238037109e-01
5.263009071350097656e+00
2.934536218643188477e+00
-2.545686721801757812e+00
-1.095685768127441406e+01
-7.385377883911132812e+00
-3.946895003318786621e-01
-9.981418609619140625e+00
-1.006345823407173157e-01
7.702554464340209961e-01
1.125386834144592285e+00
-1.449907779693603516e+00
4.330769062042236328e+00
-2.251338958740234375e+00
-1.687235593795776367e+00
-7.797098636627197266e+00
-2.083055257797241211e+00
-8.318046569824218750e+00
-5.045037746429443359e+00
-4.686336040496826172e+00
-4.594729900360107422e+00
3.106869220733642578e+00
-1.901136398315429688e+00
-3.267014265060424805e+00
-3.908314228057861328e+00
-3.239242315292358398e+00
1.343793720006942749e-01
-8.328341841697692871e-01
4.213296413421630859e+00
-1.317712879180908203e+01
-1.640288734436035156e+01
-1.384283161163330078e+01
-1.164757347106933594e+01
-1.556528377532958984e+01
-1.088428211212158203e+01
-4.772292613983154297e+00
-6.394329071044921875e+00
5.248573303222656250e+00
1.420082092285156250e+00
7.152899265289306641e+00
6.750520706176757812e+00
1.149664878845214844e+00
-1.856995701789855957e+00
6.511405110359191895e-01
6.016522407531738281e+00
3.120751619338989258e+00
-1.555224132537841797e+01
-9.524006843566894531e+00
-1.491043090820312500e+01
-1.481763362884521484e+01
-1.644673538208007812e+01
-1.237414741516113281e+01
-1.638464355468750000e+01
-1.957425880432128906e+01
-1.857557106018066406e+01
-1.837843894958496094e+01
-1.901896476745605469e+01
-1.602718925476074219e+01
-1.835354042053222656e+01
-1.291794013977050781e+01
-1.863572883605957031e+01
-1.997676658630371094e+01
-1.633413887023925781e+01
-1.972788238525390625e+01
-5.750074386596679688e+00
-7.837793827056884766e+00
-9.079023361206054688e+00
-9.945146560668945312e+00
-1.293262672424316406e+01
-1.679733848571777344e+01
-1.721731376647949219e+01
-1.367253971099853516e+01
-7.408529281616210938e+00
-1.566579532623291016e+01
-1.574469947814941406e+01
-1.489715766906738281e+01
-1.370475292205810547e+01
-1.715311622619628906e+01
-1.562763977050781250e+01
-1.818555641174316406e+01
-1.498519802093505859e+01
-1.619520568847656250e+01
-1.829177474975585938e+01
-1.878491973876953125e+01
-1.078054428100585938e+01
-1.586069297790527344e+01
-9.904978752136230469e+00
-4.120913982391357422e+00
-3.524417400360107422e+00
-3.930224895477294922e+00
5.822856426239013672e+00
2.812203407287597656e+00
5.835254192352294922e+00
-3.584413290023803711e+00
-6.146278858184814453e+00
2.586723089218139648e+00
1.517298126220703125e+01
2.349127054214477539e+00
2.586369276046752930e+00
3.687688350677490234e+00
2.076339721679687500e+00
-2.016996383666992188e+00
1.731113433837890625e+01
1.747885894775390625e+01
1.018994808197021484e+01
1.590065002441406250e+01
1.826697349548339844e+01
1.441955471038818359e+01
7.394637584686279297e+00
1.689455747604370117e+00
-3.633064270019531250e+00
-2.674525499343872070e+00
-1.049422264099121094e+00
-8.537072539329528809e-01
-8.306661248207092285e-01
-9.191813468933105469e-01
-5.373147487640380859e+00
-3.244463682174682617e+00
-7.161302566528320312e+00
-5.151553630828857422e+00
-9.142240524291992188e+00
-7.020940780639648438e+00
-1.048976707458496094e+01
-6.374129772186279297e+00
-7.114507198333740234e+00
-1.437400722503662109e+01
-7.133946895599365234e+00
-7.076146125793457031e+00
-4.062902450561523438e+00
-4.951364994049072266e+00
2.351102590560913086e+00
-7.053888320922851562e+00
1.513415098190307617e+00
4.621225833892822266e+00
7.825742721557617188e+00
-9.419008255004882812e+00
1.527317643165588379e+00
5.123290061950683594e+00
6.450233936309814453e+00
-4.369297981262207031e+00
-1.952740430831909180e+00
-3.378128290176391602e+00
2.252992391586303711e+00
-7.297241210937500000e+00
-1.089767456054687500e+01
-1.575961685180664062e+01
-5.459371089935302734e+00
-1.058371543884277344e+01
-1.524019718170166016e+01
-1.133844661712646484e+01
-8.037376403808593750e+00
-1.583735084533691406e+01
-5.228012084960937500e+00
-7.921437263488769531e+00
-7.598703384399414062e+00
-1.560806512832641602e+00
-4.045973777770996094e+00
-1.229356384277343750e+01
-1.931383895874023438e+01
-9.652631759643554688e+00
-1.122865390777587891e+01
-2.769269227981567383e+00
1.404218554496765137e+00
-1.502771663665771484e+01
-1.039983940124511719e+01
-1.321184825897216797e+01
3.298363208770751953e+00
5.213201045989990234e+00
8.472629189491271973e-01
2.214865684509277344e+00
8.761891126632690430e-01
3.642019033432006836e-01
-5.857896327972412109e+00
