-9.454896926879882812e+00
-1.307569408416748047e+01
-1.721869659423828125e+01
-1.799948692321777344e+01
-1.855941963195800781e+01
-1.467826843261718750e+01
-1.299589347839355469e+01
-1.146186923980712891e+01
-9.015660285949707031e+00
-7.592369556427001953e+00
-1.661209678649902344e+01
7.074802517890930176e-01
-7.084506034851074219e+00
-1.520992755889892578e+01
-4.489508152008056641e+00
-9.329620361328125000e+00
-1.005677318572998047e+01
-1.144631767272949219e+01
-1.929919838905334473e+00
-1.636518859863281250e+01
-1.539599990844726562e+01
-1.591826152801513672e+01
-1.267557716369628906e+01
-1.585332965850830078e+01
-1.849156761169433594e+01
3.089021205902099609e+00
-9.726863861083984375e+00
-5.785963535308837891e+00
-1.115190219879150391e+01
-1.059137821197509766e+01
-1.082740497589111328e+01
-7.683218002319335938e+00
-7.253181457519531250e+00
3.062391042709350586e+00
-7.980937957763671875e+00
-4.774236679077148438e+00
-2.180694103240966797e+00
-7.538095951080322266e+00
-1.034632110595703125e+01
-6.099480628967285156e+00
-3.800377130508422852e+00
-1.165502929687500000e+01
-1.178420066833496094e+01
-1.649663543701171875e+01
-1.840132904052734375e+01
-1.733132362365722656e+01
-1.883293342590332031e+01
-1.702920532226562500e+01
-1.392902374267578125e+01
-1.624182891845703125e+01
-1.764863586425781250e+01
-1.300169563293457031e+01
-1.352879238128662109e+01
-1.352728080749511719e+01
-1.627329444885253906e+01
-1.621048545837402344e+01
-1.697361373901367188e+01
-7.099211215972900391e+00
4.762255191802978516e+00
-6.027522683143615723e-01
-1.320559215545654297e+01
-1.637264633178710938e+01
-1.434841632843017578e+01
-1.614348411560058594e+01
-1.326776981353759766e+01
-1.586124610900878906e+01
-1.455141067504882812e+01
-1.553921413421630859e+01
-1.417811203002929688e+01
-1.469642543792724609e+01
-1.583565044403076172e+01
-1.930232810974121094e+01
-1.949747276306152344e+01
-1.789146232604980469e+01
-2.017959022521972656e+01
-2.030438232421875000e+01
-1.863126373291015625e+01
-1.958721542358398438e+01
-1.941315460205078125e+01
-1.862027168273925781e+01
-1.903726768493652344e+01
-1.921718597412109375e+01
-1.805463981628417969e+01
-1.759412193298339844e+01
-1.784362030029296875e+01
-1.899983406066894531e+01
-2.005215263366699219e+01
-1.982830429077148438e+01
-2.011058616638183594e+01
-2.027565002441406250e+01
-1.991119766235351562e+01
-2.008945465087890625e+01
-2.007081794738769531e+01
-2.000396728515625000e+01
-1.967484474182128906e+01
-1.961517143249511719e+01
-1.940927124023437500e+01
-1.951847457885742188e+01
-1.922484397888183594e+01
-1.996420669555664062e+01
-1.921150207519531250e+01
-1.569104099273681641e+01
-1.658422851562500000e+01
-1.504451847076416016e+01
-1.525065994262695312e+01
-1.648027420043945312e+01
-1.756813240051269531e+01
-1.588599681854248047e+01
-1.737413597106933594e+01
-1.685887718200683594e+01
-1.417293834686279297e+01
-1.709239387512207031e+01
-1.511721420288085938e+01
-1.678518676757812500e+01
-1.763677978515625000e+01
-1.701338195800781250e+01
-1.779259300231933594e+01
-1.811209106445312500e+01
-1.821699142456054688e+01
-1.427004909515380859e+01
-1.416269302368164062e+01
-9.581134796142578125e+00
-1.162415409088134766e+01
-1.219191741943359375e+01
-7.284394264221191406e+00
-8.522775650024414062e+00
-8.393594741821289062e+00
5.427948474884033203e+00
-3.284789562225341797e+00
-1.462631034851074219e+01
-1.894626998901367188e+01
-1.889704513549804688e+01
-1.823334121704101562e+01
-1.939456176757812500e+01
-1.773435592651367188e+01
-1.783745193481445312e+01
-1.500393295288085938e+01
-1.879658889770507812e+01
-1.725041770935058594e+01
-1.804564476013183594e+01
-1.844107246398925781e+01
-1.802458381652832031e+01
-1.764461708068847656e+01
-1.652661895751953125e+01
-1.714797210693359375e+01
-1.764710235595703125e+01
-1.591097927093505859e+01
-1.350712299346923828e+01
-1.591492080688476562e+01
-1.366858863830566406e+01
-1.384913063049316406e+01
-1.475435447692871094e+01
-1.431395435333251953e+01
-1.734383392333984375e+01
-1.731463241577148438e+01
-1.727259063720703125e+01
-1.712183380126953125e+01
-1.711809921264648438e+01
-1.805982017517089844e+01
-1.812032127380371094e+01
-1.698963737487792969e+01
-1.581937122344970703e+01
-1.721373176574707031e+01
-1.383233261108398438e+01
-1.532630348205566406e+01
-1.282798767089843750e+01
-1.601233673095703125e+01
-1.652266693115234375e+01
-1.321472740173339844e+01
-9.760894775390625000e+00
-1.589051055908203125e+01
-1.270610904693603516e+01
-1.394231700897216797e+01
-1.476377773284912109e+01
-1.631213188171386719e+01
-5.473067283630371094e+00
-3.061069488525390625e+00
-1.207384681701660156e+01
-1.273283386230468750e+01
-1.370916748046875000e+01
-1.613165855407714844e+01
-1.336221790313720703e+01
-1.601705551147460938e+01
-1.136866664886474609e+01
-1.405142593383789062e+01
-1.067877960205078125e+01
-5.835032939910888672e+00
-1.183313274383544922e+01
-1.489005279541015625e+01
-1.604818725585937500e+01
-1.395383071899414062e+01
-6.270589828491210938e+00
-8.269854545593261719e+00
-1.223712062835693359e+01
-1.020799255371093750e+01
-3.771208047866821289e+00
-1.034752559661865234e+01
-1.705739593505859375e+01
-1.568589878082275391e+01
-1.653859901428222656e+01
-1.779444503784179688e+01
-1.620793342590332031e+01
-1.789775085449218750e+01
-1.919795036315917969e+01
-1.910173034667968750e+01
-1.768479728698730469e+01
-1.595373535156250000e+01
-1.420507526397705078e+01
-1.622683143615722656e+01
-1.551912498474121094e+01
-1.356314754486083984e+01
-1.940317535400390625e+01
-1.981538963317871094e+01
-1.922298049926757812e+01
-1.936138343811035156e+01
-2.088153457641601562e+01
-2.137849617004394531e+01
-2.170354270935058594e+01
-2.085593414306640625e+01
-1.972180366516113281e+01
-1.956037712097167969e+01
-1.923702621459960938e+01
-1.828956031799316406e+01
-1.836678695678710938e+01
-1.903611755371093750e+01
-1.921821594238281250e+01
-1.979983139038085938e+01
-2.014250183105468750e+01
-2.027062797546386719e+01
-2.014643669128417969e+01
-1.961966896057128906e+01
-1.972453308105468750e+01
-2.051383209228515625e+01
-2.067967987060546875e+01
-1.988282394409179688e+01
-1.849758911132812500e+01
-1.955018043518066406e+01
-1.968728065490722656e+01
-1.315261173248291016e+01
-9.518921852111816406e+00
-8.683629035949707031e+00
-5.691599845886230469e-01
-4.974043846130371094e+00
-6.187311172485351562e+00
-7.783706665039062500e+00
-2.495824098587036133e+00
-1.059388399124145508e+00
-3.458232641220092773e+00
-6.531483173370361328e+00
-1.384560585021972656e+01
-1.748752784729003906e+01
-1.819549560546875000e+01
-1.578464508056640625e+01
-1.825541305541992188e+01
-1.536949920654296875e+01
-1.826151466369628906e+01
-1.770429801940917969e+01
-1.851163291931152344e+01
-1.612196731567382812e+01
-1.144381332397460938e+01
-1.156636524200439453e+01
-1.221295547485351562e+01
-6.388446331024169922e+00
-9.133586883544921875e+00
-8.089970588684082031e+00
-5.053154945373535156e+00
-1.703196406364440918e+00
-1.600208091735839844e+01
-1.554837226867675781e+01
-1.506864929199218750e+01
-1.505392456054687500e+01
-1.479201889038085938e+01
-1.399620532989501953e+01
-1.294516277313232422e+01
-1.806757736206054688e+01
-1.330227184295654297e+01
-1.592801856994628906e+01
-1.666203689575195312e+01
-1.199702072143554688e+01
-1.388246917724609375e+01
-1.508675384521484375e+01
-1.960784721374511719e+01
-1.817204666137695312e+01
-1.552678108215332031e+01
-1.672187995910644531e+01
-1.559099388122558594e+01
-1.078199291229248047e+01
-1.292841529846191406e+01
-9.691973686218261719e+00
-1.547924232482910156e+01
-1.322260665893554688e+01
-3.960123300552368164e+00
-4.212094783782958984e+00
-1.480237674713134766e+01
-1.540941429138183594e+01
-1.064650535583496094e+01
-1.813155746459960938e+01
-1.608097648620605469e+01
-1.772317123413085938e+01
-1.607662582397460938e+01
-1.610953903198242188e+01
-1.711602783203125000e+01
-1.756343841552734375e+01
-1.830271148681640625e+01
-1.791758918762207031e+01
-1.368406295776367188e+01
-1.368966484069824219e+01
-9.449028968811035156e+00
-1.022367095947265625e+01
-7.873114585876464844e+00
-6.244807720184326172e+00
-9.959077835083007812e+00
1.718754005432128906e+01
1.296259498596191406e+01
-1.637275695800781250e+01
-5.434607028961181641e+00
-7.193393707275390625e+00
-2.380896568298339844e+00
-1.343475532531738281e+01
-7.560410499572753906e+00
-1.976249739527702332e-02
-7.814232826232910156e+00
-7.878435850143432617e-01
-1.074580430984497070e+00
3.069643497467041016e+00
2.384083271026611328e-01
7.052259922027587891e+00
-7.917869687080383301e-01
-5.979491233825683594e+00
-6.165466904640197754e-01
6.365709304809570312e-01
4.295421123504638672e+00
3.663914203643798828e+00
4.037985801696777344e+00
6.117468833923339844e+00
2.413895130157470703e+00
9.087011814117431641e-01
-3.873834311962127686e-01
-1.486727523803710938e+01
-1.365012741088867188e+01
-1.136735153198242188e+01
-1.435603427886962891e+01
5.907292962074279785e-01
-7.067288875579833984e+00
-3.599252700805664062e+00
-8.746442794799804688e+00
-7.698883533477783203e+00
-1.440554141998291016e+01
-1.431516551971435547e+01
-1.374733257293701172e+01
-1.046049213409423828e+01
-6.745113372802734375e+00
-8.854546546936035156e+00
-1.265016460418701172e+01
-1.619313430786132812e+01
-1.179002189636230469e+01
-1.115015792846679688e+01
-1.170151138305664062e+01
-1.349463462829589844e+01
-1.044187259674072266e+01
-1.826681900024414062e+01
-1.704482650756835938e+01
-1.623986434936523438e+01
-5.309231281280517578e+00
-5.543937206268310547e+00
-1.398664379119873047e+01
-1.890918350219726562e+01
-1.545832157135009766e+01
-1.324222278594970703e+01
-1.581506729125976562e+01
-1.337361145019531250e+01
-6.824852824211120605e-01
-1.613586068153381348e+00
-9.939517974853515625e-01
-4.171890735626220703e+00
7.153003215789794922e-01
8.142295837402343750e+00
2.672304630279541016e+00
-1.404219269752502441e+00
-1.255719900131225586e+00
1.412046909332275391e+00
-3.822548627853393555e+00
-3.522495031356811523e+00
-2.534264326095581055e+00
-3.805405139923095703e+00
-8.936587333679199219e+00
-4.543585777282714844e+00
-7.051721096038818359e+00
-1.997648954391479492e+00
-3.664313554763793945e-01
-3.467890024185180664e+00
-4.335075378417968750e+00
-1.574168324470520020e+00
-7.614747524261474609e+00
-1.576620101928710938e+01
-1.123961067199707031e+01
-6.155674457550048828e+00
-8.690928459167480469e+00
-1.152831840515136719e+01
-9.902368545532226562e+00
-9.241641044616699219e+00
3.053050115704536438e-02
-9.301401138305664062e+00
-6.923858165740966797e+00
-4.799672603607177734e+00
-4.449422836303710938e+00
-6.847562313079833984e+00
-5.611987113952636719e+00
-9.300535202026367188e+00
-8.015588760375976562e+00
-1.063939189910888672e+01
-1.244966125488281250e+01
-1.238191413879394531e+01
-1.273876953125000000e+01
-7.204467296600341797e+00
-2.433879613876342773e+00
-1.063095474243164062e+01
-7.975906372070312500e+00
-1.966295838356018066e+00
-1.648700833320617676e+00
-1.126082134246826172e+01
-6.398775100708007812e+00
2.042969942092895508e+00
-1.633111190795898438e+01
-1.206455707550048828e+01
-1.032723617553710938e+01
-8.648939132690429688e+00
-5.306893348693847656e+00
-1.115301036834716797e+01
-8.578341484069824219e+00
-6.915475845336914062e+00
-9.842000007629394531e+00
-8.575046539306640625e+00
-7.864453315734863281e+00
-4.622507572174072266e+00
-1.938578009605407715e+00
-9.009800910949707031e+00
-9.368858337402343750e+00
-1.060022640228271484e+01
-8.006834030151367188e+00
-8.128684997558593750e+00
-1.412502670288085938e+01
-9.286231040954589844e+00
-4.182746410369873047e+00
-8.278338432312011719e+00
-5.778718948364257812e+00
-1.101554012298583984e+01
-1.115326404571533203e+01
-1.063871860504150391e+01
-7.423970699310302734e+00
-7.946331501007080078e+00
-6.505749225616455078e+00
-1.643708038330078125e+01
-1.150207614898681641e+01
6.122218608856201172e+00
-3.784830808639526367e+00
-1.030261802673339844e+01
-1.104170036315917969e+01
-1.294430065155029297e+01
-1.912073516845703125e+01
-1.280671215057373047e+01
-1.851583099365234375e+01
-1.096466732025146484e+01
-6.913294792175292969e+00
-8.659337043762207031e+00
-2.638806343078613281e+00
-1.227739620208740234e+01
-1.611515426635742188e+01
-1.531597614288330078e+01
-1.837191200256347656e+01
-1.270430850982666016e+01
-1.689543604850769043e+00
1.895490437746047974e-01
-8.883021354675292969e+00
-6.779699802398681641e+00
-8.818497657775878906e+00
-5.138842582702636719e+00
-1.231536579132080078e+01
-8.997539520263671875e+00
-1.132949542999267578e+01
-4.681909561157226562e+00
-1.792329025268554688e+01
-1.365743827819824219e+01
-1.349266433715820312e+01
-1.308236598968505859e+01
-5.512258529663085938e+00
-8.255332946777343750e+00
-9.533176422119140625e+00
-8.735669136047363281e+00
-1.129819965362548828e+01
-1.157106685638427734e+01
-1.277546310424804688e+01
-1.592771339416503906e+01
-1.291976642608642578e+01
-1.430241203308105469e+01
-1.177609825134277344e+01
-1.245710277557373047e+01
-1.487275028228759766e+01
-1.678160095214843750e+01
-1.463733005523681641e+01
-1.398496150970458984e+01
-1.363554191589355469e+01
-1.330150318145751953e+01
-1.435044860839843750e+01
3.256320714950561523e+00
2.530430555343627930e+00
-8.011208534240722656e+00
-4.320437908172607422e+00
-9.675749778747558594e+00
-1.510309791564941406e+01
-1.376789760589599609e+01
-1.212023830413818359e+01
-1.252082252502441406e+01
-1.107848262786865234e+01
-1.203262996673583984e+01
-1.226816844940185547e+01
-1.203740310668945312e+01
-1.458119964599609375e+01
-9.243241310119628906e+00
-1.579798507690429688e+01
-1.731216430664062500e+01
-1.600046539306640625e+01
-1.628198242187500000e+01
-1.693564987182617188e+01
-1.777617263793945312e+01
-1.441950511932373047e+01
-1.324498367309570312e+01
-1.673700141906738281e+01
-1.103342247009277344e+01
-1.086142158508300781e+01
-1.229160690307617188e+01
-1.329091072082519531e+01
-1.367403602600097656e+01
-8.812591552734375000e+00
-8.306746482849121094e+00
-9.290509223937988281e+00
-1.018997097015380859e+01
-1.104697132110595703e+01
-8.893307685852050781e+00
-8.897984504699707031e+00
-9.086778640747070312e+00
-1.077283000946044922e+01
-1.049552440643310547e+01
-1.062907314300537109e+01
-1.063563156127929688e+01
-1.163303947448730469e+01
-1.237425708770751953e+01
-1.398497581481933594e+01
-1.363144874572753906e+01
-1.417228889465332031e+01
-1.452623939514160156e+01
-1.431905651092529297e+01
-1.606600570678710938e+01
-1.573292064666748047e+01
-1.676449966430664062e+01
-1.737794303894042969e+01
-1.016458797454833984e+01
-1.496166038513183594e+01
-1.552138710021972656e+01
-8.615899085998535156e+00
-1.000137901306152344e+01
-9.804411888122558594e+00
-6.945541858673095703e+00
-5.538788318634033203e+00
2.757605612277984619e-01
2.787774801254272461e+00
-2.630447387695312500e+00
2.632109165191650391e+00
7.334074974060058594e+00
2.084570974111557007e-01
3.290617227554321289e+00
-5.807991027832031250e+00
-7.741637706756591797e+00
-9.976778984069824219e+00
-1.116513061523437500e+01
-8.995601654052734375e+00
-5.173386096954345703e+00
-2.671947002410888672e+00
-3.362611293792724609e+00
-5.631999492645263672e+00
-4.751700401306152344e+00
-2.904132604598999023e+00
-4.762476921081542969e+00
-9.296546578407287598e-01
5.600163936614990234e-01
-2.359559297561645508e+00
4.189779758453369141e+00
4.855647087097167969e+00
4.855988979339599609e+00
5.260519027709960938e+00
4.944765090942382812e+00
5.597903728485107422e+00
5.046676158905029297e+00
6.628501892089843750e+00
7.556775569915771484e+00
9.195382118225097656e+00
9.858205795288085938e+00
8.636472702026367188e+00
9.918713569641113281e+00
-6.727305054664611816e-01
-8.659975528717041016e-01
2.519009411334991455e-01
2.187707662582397461e+00
8.494696021080017090e-01
1.675842881202697754e+00
-1.297845005989074707e+00
-8.624614477157592773e-01
-2.790078818798065186e-01
-1.228061556816101074e+00
-2.147445678710937500e+00
-3.145959854125976562e+00
-3.141820430755615234e+00
-3.161550045013427734e+00
-2.920695304870605469e+00
-2.504420042037963867e+00
-5.539649486541748047e+00
-2.520258426666259766e+00
-2.482324600219726562e+00
-3.178439140319824219e+00
-5.597429752349853516e+00
-4.702556133270263672e+00
-4.244254112243652344e+00
-5.317210674285888672e+00
-4.657843336462974548e-02
-3.313296437263488770e-01
3.184732437133789062e+00
-2.465280294418334961e+00
4.188806533813476562e+00
5.922005653381347656e+00
3.322890043258666992e+00
3.550626754760742188e+00
1.074818000197410583e-01
1.397912621498107910e+00
1.880505561828613281e+00
2.231570005416870117e+00
1.586058378219604492e+00
-2.055596113204956055e+00
-1.036094069480895996e+00
5.667385578155517578e+00
8.630343675613403320e-01
1.858525276184082031e+00
1.038501834869384766e+01
9.070676803588867188e+00
9.496439933776855469e+00
1.039122390747070312e+01
1.392714595794677734e+01
1.343946266174316406e+01
1.378250408172607422e+01
1.076844501495361328e+01
8.761522293090820312e+00
9.236927986145019531e+00
7.158177375793457031e+00
5.851196289062500000e+00
7.065124511718750000e+00
6.840529918670654297e+00
4.934657096862792969e+00
3.230391979217529297e+00
4.184565544128417969e+00
2.553959846496582031e+00
9.328483343124389648e-01
1.332706063985824585e-01
-2.830850481986999512e-01
2.831703126430511475e-01
4.158374667167663574e-01
1.716407418251037598e+00
2.408589601516723633e+00
-1.700502276420593262e+00
-3.191298842430114746e-01
2.135591030120849609e+00
1.314254164695739746e+00
1.563848614692687988e+00
9.084943532943725586e-01
1.465537667274475098e+00
1.850654959678649902e+00
-4.357504546642303467e-01
2.796040058135986328e+00
2.826306819915771484e-01
2.775563001632690430e+00
5.682322025299072266e+00
3.728033304214477539e+00
2.001141786575317383e+00
2.281299352645874023e+00
3.227704048156738281e+00
3.122880935668945312e+00
4.663094043731689453e+00
7.092129230499267578e+00
6.850739955902099609e+00
3.864716768264770508e+00
2.521123290061950684e-01
-2.732541561126708984e-01
-3.487890481948852539e+00
-3.005779981613159180e+00
-2.064506530761718750e+00
-2.145333290100097656e+00
5.668116807937622070e-01
1.990956425666809082e+00
6.081452965736389160e-01
-4.510387778282165527e-01
1.173904061317443848e+00
2.270644903182983398e+00
4.231897830963134766e+00
5.142354488372802734e+00
4.555260181427001953e+00
6.133513450622558594e+00
4.703907489776611328e+00
4.721306800842285156e+00
4.546622276306152344e+00
2.868480682373046875e+00
3.466092824935913086e+00
6.813088893890380859e+00
9.989696502685546875e+00
7.588084220886230469e+00
6.529395103454589844e+00
1.023865580558776855e+00
2.630823373794555664e+00
5.180567264556884766e+00
5.767834186553955078e+00
5.950602054595947266e+00
4.337164402008056641e+00
3.229762554168701172e+00
2.214356660842895508e+00
4.188702106475830078e+00
4.622588157653808594e+00
5.652090072631835938e+00
5.227559566497802734e+00
5.628821372985839844e+00
5.348013401031494141e+00
5.936209678649902344e+00
5.744152069091796875e+00
6.152048587799072266e+00
6.876398086547851562e+00
7.217745304107666016e+00
6.370280265808105469e+00
5.879652500152587891e+00
4.869273662567138672e+00
4.922542095184326172e+00
5.837083339691162109e+00
6.153863430023193359e+00
7.817793369293212891e+00
2.951653957366943359e+00
5.377558708190917969e+00
1.064534282684326172e+01
4.846793651580810547e+00
3.874183893203735352e+00
5.398525714874267578e+00
4.744340419769287109e+00
5.756926059722900391e+00
5.274353981018066406e+00
3.179543018341064453e+00
5.839467525482177734e+00
6.961989402770996094e+00
3.827518701553344727e+00
7.585088253021240234e+00
7.152789592742919922e+00
7.151631355285644531e+00
7.547403335571289062e+00
2.243103504180908203e+00
5.541434288024902344e+00
5.266049385070800781e+00
4.515092849731445312e+00
6.926915168762207031e+00
7.009816169738769531e+00
8.727008819580078125e+00
7.581742763519287109e+00
7.425654411315917969e+00
7.533156871795654297e+00
4.500725269317626953e+00
1.404781818389892578e+00
4.642224788665771484e+00
3.447477102279663086e+00
8.244033813476562500e+00
9.528950691223144531e+00
8.377057075500488281e+00
7.016519069671630859e+00
-1.183040976524353027e+00
3.105605363845825195e+00
1.200162029266357422e+01
1.231849193572998047e+01
1.671813774108886719e+01
1.656622505187988281e+01
1.688057327270507812e+01
1.435513210296630859e+01
-7.325229167938232422e+00
-5.854234695434570312e+00
-4.546812057495117188e+00
-4.538226127624511719e+00
-5.695382595062255859e+00
-9.888512611389160156e+00
-7.550683975219726562e+00
-3.533670186996459961e+00
-2.063856363296508789e+00
-1.297721028327941895e+00
1.053206443786621094e+01
4.437076091766357422e+00
4.946223258972167969e+00
5.467053890228271484e+00
-7.678272128105163574e-01
2.740160942077636719e+00
2.445055484771728516e+00
1.917438507080078125e+00
5.838127136230468750e+00
7.537184715270996094e+00
1.067707061767578125e+01
7.953915119171142578e+00
1.465413761138916016e+01
1.513321971893310547e+01
1.278627395629882812e+01
1.371901130676269531e+01
1.268909645080566406e+01
1.052930736541748047e+01
1.100587844848632812e+01
1.306586360931396484e+01
2.832200050354003906e+00
9.129583358764648438e+00
7.374057292938232422e+00
7.481256961822509766e+00
7.736355304718017578e+00
7.911469459533691406e+00
7.896241664886474609e+00
7.801057338714599609e+00
8.277247428894042969e+00
7.052965641021728516e+00
8.489329338073730469e+00
7.638514041900634766e+00
8.499039649963378906e+00
9.245496749877929688e+00
7.725237369537353516e+00
9.110947608947753906e+00
7.349383354187011719e+00
7.748059749603271484e+00
7.330803871154785156e+00
7.637125968933105469e+00
6.974028110504150391e+00
8.645451545715332031e+00
8.473735809326171875e+00
9.234904289245605469e+00
1.012136650085449219e+01
9.346282958984375000e+00
1.015983200073242188e+01
1.088898277282714844e+01
1.036613273620605469e+01
1.035077095031738281e+01
1.026634883880615234e+01
9.418326377868652344e+00
9.491864204406738281e+00
1.046090126037597656e+01
1.010587024688720703e+01
1.020805072784423828e+01
9.931035995483398438e+00
9.980533599853515625e+00
1.039821720123291016e+01
1.089762020111083984e+01
1.086072349548339844e+01
1.134083747863769531e+01
1.165606498718261719e+01
1.084719181060791016e+01
1.140682697296142578e+01
1.204196929931640625e+01
9.836410522460937500e+00
7.503865242004394531e+00
1.012747669219970703e+01
9.814190864562988281e+00
9.601648330688476562e+00
1.145971298217773438e+01
9.901940345764160156e+00
1.100682640075683594e+01
9.702072143554687500e+00
1.065751552581787109e+01
1.173657035827636719e+01
1.149632167816162109e+01
1.145974826812744141e+01
1.095825004577636719e+01
9.975659370422363281e+00
1.079326534271240234e+01
1.078072452545166016e+01
1.079613113403320312e+01
1.061589145660400391e+01
1.002733135223388672e+01
9.267098426818847656e+00
8.331335067749023438e+00
8.206418037414550781e+00
7.753657341003417969e+00
7.582288265228271484e+00
8.745296478271484375e+00
9.555829048156738281e+00
9.758713722229003906e+00
9.810043334960937500e+00
9.537128448486328125e+00
9.673375129699707031e+00
1.077899074554443359e+01
1.188915920257568359e+01
1.032708549499511719e+01
1.168690586090087891e+01
1.044431018829345703e+01
9.319257736206054688e+00
8.414356231689453125e+00
1.297385501861572266e+01
1.158939361572265625e+01
1.086565780639648438e+01
1.037778854370117188e+01
1.097767925262451172e+01
1.107823562622070312e+01
8.643536567687988281e+00
9.648151397705078125e+00
1.258933067321777344e+01
1.341858959197998047e+01
1.185435962677001953e+01
9.108196258544921875e+00
1.049622631072998047e+01
1.318708896636962891e+01
1.113274192810058594e+01
1.230184364318847656e+01
1.249807643890380859e+01
1.327143859863281250e+01
1.324986743927001953e+01
1.419254493713378906e+01
1.257514286041259766e+01
1.119052886962890625e+01
1.172406101226806641e+01
1.290677452087402344e+01
1.356369018554687500e+01
1.215170097351074219e+01
1.173811817169189453e+01
1.291260528564453125e+01
1.216338443756103516e+01
1.293453979492187500e+01
1.209848117828369141e+01
1.222847747802734375e+01
1.256161689758300781e+01
1.193791294097900391e+01
1.178082561492919922e+01
1.259187412261962891e+01
1.423353004455566406e+01
1.271357250213623047e+01
1.435688304901123047e+01
1.301978302001953125e+01
1.273605060577392578e+01
1.279894733428955078e+01
1.348269653320312500e+01
1.348869132995605469e+01
1.400671100616455078e+01
1.447323894500732422e+01
1.440431785583496094e+01
1.413414478302001953e+01
1.287514114379882812e+01
1.367460918426513672e+01
1.366386222839355469e+01
1.277037906646728516e+01
1.515230178833007812e+01
1.287412834167480469e+01
1.285858917236328125e+01
1.241019058227539062e+01
1.289974784851074219e+01
1.393445205688476562e+01
1.413859748840332031e+01
1.309611415863037109e+01
1.192827415466308594e+01
1.454820537567138672e+01
1.475267696380615234e+01
1.423023509979248047e+01
1.364834403991699219e+01
1.384401035308837891e+01
1.409407615661621094e+01
1.385787010192871094e+01
1.403681182861328125e+01
1.389992809295654297e+01
1.336652088165283203e+01
1.340852260589599609e+01
1.338664627075195312e+01
1.334767913818359375e+01
1.286928272247314453e+01
1.451930427551269531e+01
1.209189319610595703e+01
1.258981800079345703e+01
1.306112480163574219e+01
1.362950992584228516e+01
1.382693290710449219e+01
1.316510772705078125e+01
1.290060043334960938e+01
1.104829883575439453e+01
1.253664016723632812e+01
1.139794254302978516e+01
1.038204002380371094e+01
1.151774787902832031e+01
1.274302577972412109e+01
1.127716541290283203e+01
1.125530719757080078e+01
1.145818138122558594e+01
1.213147830963134766e+01
1.159585571289062500e+01
1.233500862121582031e+01
1.110626697540283203e+01
1.093121528625488281e+01
1.065616607666015625e+01
1.120121288299560547e+01
1.473894786834716797e+01
1.570055389404296875e+01
1.662187385559082031e+01
1.642454338073730469e+01
1.520800209045410156e+01
1.514700984954833984e+01
1.516574573516845703e+01
1.471341800689697266e+01
1.609309768676757812e+01
1.698011779785156250e+01
1.649420738220214844e+01
1.583073329925537109e+01
1.634602546691894531e+01
1.555582046508789062e+01
1.514198207855224609e+01
1.489550018310546875e+01
1.775121307373046875e+01
1.664615058898925781e+01
1.493503093719482422e+01
1.561409091949462891e+01
1.599073886871337891e+01
1.599676704406738281e+01
1.513487148284912109e+01
1.508690643310546875e+01
1.939092063903808594e+01
1.769901657104492188e+01
1.685247230529785156e+01
1.655612754821777344e+01
1.636705017089843750e+01
1.676154136657714844e+01
1.744990921020507812e+01
1.725985145568847656e+01
1.686076736450195312e+01
1.809387207031250000e+01
1.761560440063476562e+01
1.662935066223144531e+01
2.228150177001953125e+01
2.345807647705078125e+01
1.843941879272460938e+01
1.859556770324707031e+01
1.877270317077636719e+01
1.953778457641601562e+01
2.205221366882324219e+01
2.164778327941894531e+01
2.248277473449707031e+01
2.196040534973144531e+01
2.214583015441894531e+01
1.939858818054199219e+01
2.011756134033203125e+01
2.316039466857910156e+01
2.061974716186523438e+01
2.077898788452148438e+01
2.060009384155273438e+01
2.008330345153808594e+01
2.684602165222167969e+01
2.531163406372070312e+01
2.393931961059570312e+01
2.440113067626953125e+01
2.308196640014648438e+01
2.850189208984375000e+01
2.808089828491210938e+01
2.436938476562500000e+01
2.377250099182128906e+01
2.582319641113281250e+01
2.442402267456054688e+01
2.551211357116699219e+01
2.773435401916503906e+01
2.345267105102539062e+01
2.094090843200683594e+01
2.063096809387207031e+01
1.933006286621093750e+01
1.967219734191894531e+01
2.008466720581054688e+01
1.915712928771972656e+01
1.979448318481445312e+01
2.188870811462402344e+01
2.030426406860351562e+01
2.080863380432128906e+01
2.099766921997070312e+01
2.514796638488769531e+01
1.184458255767822266e+01
1.164704322814941406e+01
1.560796070098876953e+01
1.643204498291015625e+01
1.665052604675292969e+01
1.654154777526855469e+01
1.522099494934082031e+01
1.631514549255371094e+01
1.847583770751953125e+01
1.425247955322265625e+01
1.855215454101562500e+01
1.802647018432617188e+01
1.676631546020507812e+01
1.820100212097167969e+01
1.851935005187988281e+01
1.782648277282714844e+01
1.813995933532714844e+01
1.524131965637207031e+01
1.572830200195312500e+01
1.625101852416992188e+01
1.655763816833496094e+01
1.421909427642822266e+01
1.561577987670898438e+01
1.103911590576171875e+01
1.607066345214843750e+01
1.644388580322265625e+01
1.603804779052734375e+01
1.568318939208984375e+01
1.533186435699462891e+01
1.516893291473388672e+01
1.515410900115966797e+01
1.451986122131347656e+01
1.524064636230468750e+01
1.570395946502685547e+01
1.448750019073486328e+01
1.567207431793212891e+01
1.529758262634277344e+01
1.465172958374023438e+01
1.591858768463134766e+01
1.656873130798339844e+01
1.319586563110351562e+01
1.662907600402832031e+01
1.817895507812500000e+01
1.732857894897460938e+01
2.058701133728027344e+01
1.430053520202636719e+01
1.595134544372558594e+01
1.841574478149414062e+01
1.817259025573730469e+01
1.899091148376464844e+01
1.754674148559570312e+01
1.475879287719726562e+01
1.829233551025390625e+01
1.890434074401855469e+01
1.739035987854003906e+01
1.724010276794433594e+01
1.900109100341796875e+01
1.600289535522460938e+01
1.638194465637207031e+01
1.399613571166992188e+01
1.633689689636230469e+01
1.777111816406250000e+01
1.529969310760498047e+01
1.598297786712646484e+01
1.795348167419433594e+01
1.768451118469238281e+01
1.630890274047851562e+01
1.796144104003906250e+01
1.783756256103515625e+01
1.595785617828369141e+01
1.759979438781738281e+01
1.623270606994628906e+01
1.424494075775146484e+01
1.524302291870117188e+01
1.699638748168945312e+01
1.888403701782226562e+01
1.212404346466064453e+01
1.302387237548828125e+01
1.570968723297119141e+01
1.545737075805664062e+01
1.505206680297851562e+01
1.411200618743896484e+01
1.751063346862792969e+01
1.618091583251953125e+01
1.547607135772705078e+01
1.539677619934082031e+01
1.325599288940429688e+01
1.068134307861328125e+01
9.091921806335449219e+00
5.573100090026855469e+00
7.679036140441894531e+00
2.894698858261108398e+00
2.684329509735107422e+00
1.377246379852294922e+00
-3.260482788085937500e+00
8.972748756408691406e+00
7.535534858703613281e+00
1.690264344215393066e+00
2.186103582382202148e+00
2.726733684539794922e+00
4.658602237701416016e+00
2.791403532028198242e+00
9.109679222106933594e+00
9.201705932617187500e+00
1.262721061706542969e+01
1.231603622436523438e+01
1.634783172607421875e+01
1.008418464660644531e+01
-7.701725006103515625e+00
9.658291816711425781e+00
1.427723789215087891e+01
1.969121170043945312e+01
1.664237976074218750e+01
1.595346927642822266e+01
1.371282482147216797e+01
1.538916969299316406e+01
1.432316112518310547e+01
1.616309165954589844e+01
1.787161827087402344e+01
1.687911415100097656e+01
1.729219436645507812e+01
1.530008411407470703e+01
1.680410766601562500e+01
1.735252952575683594e+01
1.982507705688476562e+01
1.883909988403320312e+01
1.884236717224121094e+01
1.838651084899902344e+01
1.756960678100585938e+01
1.712187004089355469e+01
1.623157691955566406e+01
1.635529136657714844e+01
1.523314285278320312e+01
-1.122546768188476562e+01
-1.063695144653320312e+01
-1.280093383789062500e+01
2.008987903594970703e+00
3.320190191268920898e+00
2.759139776229858398e+00
7.004989624023437500e+00
4.043909549713134766e+00
-1.579756259918212891e+00
2.983981132507324219e+01
3.137699317932128906e+01
2.641248512268066406e+01
1.893208885192871094e+01
1.906131935119628906e+01
1.767358207702636719e+01
1.631023025512695312e+01
1.036787796020507812e+01
1.337186908721923828e+01
1.330834770202636719e+01
1.162025928497314453e+01
1.361577033996582031e+01
8.960924148559570312e+00
1.062907123565673828e+01
1.004491519927978516e+01
5.445149421691894531e+00
3.971485614776611328e+00
9.110269546508789062e+00
4.952745437622070312e+00
5.880747318267822266e+00
5.343121051788330078e+00
5.411652565002441406e+00
4.279053688049316406e+00
5.086222648620605469e+00
7.391884803771972656e+00
5.920430183410644531e+00
5.803494930267333984e+00
3.040376901626586914e+00
9.387161731719970703e-01
1.862912058830261230e+00
5.085392475128173828e+00
2.400911808013916016e+00
1.803684473037719727e+00
1.967705368995666504e+00
9.604873657226562500e-01
8.828185081481933594e+00
1.200260257720947266e+01
1.166193580627441406e+01
1.367601585388183594e+01
1.275923347473144531e+01
1.053129577636718750e+01
1.328619670867919922e+01
1.040730285644531250e+01
1.200813674926757812e+01
5.025013446807861328e+00
3.695203304290771484e+00
7.753521919250488281e+00
6.082823276519775391e+00
9.916689872741699219e+00
7.539152622222900391e+00
7.989135742187500000e+00
4.529660701751708984e+00
8.181750297546386719e+00
1.073108577728271484e+01
1.127145290374755859e+01
1.385018634796142578e+01
1.455012702941894531e+01
8.102143287658691406e+00
5.141987800598144531e+00
1.553415417671203613e+00
7.281727790832519531e+00
8.853123664855957031e+00
8.420647621154785156e+00
1.087540149688720703e+01
1.085971546173095703e+01
1.015968513488769531e+01
8.091934204101562500e+00
-1.769927978515625000e+00
-2.345804214477539062e+00
-1.446528911590576172e+00
-1.592935562133789062e+00
-5.131508827209472656e+00
-1.376139163970947266e+00
-2.748105823993682861e-01
-4.585900783538818359e+00
-3.022510766983032227e+00
-6.469506621360778809e-01
-3.520745038986206055e+00
-4.175092279911041260e-01
-1.049352526664733887e+00
1.081792712211608887e-01
1.275261521339416504e+00
2.011288166046142578e+00
2.381894350051879883e+00
5.478485584259033203e+00
-7.045318126678466797e+00
-2.788453578948974609e+00
-2.435255646705627441e-01
-4.374493598937988281e+00
-3.996211767196655273e+00
-2.406154394149780273e+00
3.009225606918334961e+00
1.453993320465087891e+01
6.759184837341308594e+00
-1.579958438873291016e+00
6.600133419036865234e+00
1.024496459960937500e+01
9.793001174926757812e+00
8.277658462524414062e+00
3.193417564034461975e-02
3.620021343231201172e+00
4.751023769378662109e+00
2.877464771270751953e+00
8.455521464347839355e-01
2.921358823776245117e+00
-8.200222969055175781e+00
-1.144635391235351562e+01
-1.233231353759765625e+01
-1.199708557128906250e+01
-8.617594718933105469e+00
-5.088609218597412109e+00
-1.042347717285156250e+01
-1.531586837768554688e+01
-1.407554721832275391e+01
-1.273961734771728516e+01
-1.157838439941406250e+01
-1.268136310577392578e+01
-1.246044254302978516e+01
-1.347391223907470703e+01
-1.367851448059082031e+01
-1.236907482147216797e+01
-1.300860309600830078e+01
-1.356937217712402344e+01
-1.255135917663574219e+01
-1.326518344879150391e+01
-1.440779399871826172e+01
-1.054786586761474609e+01
-9.432903289794921875e+00
-7.869609355926513672e+00
-1.141648387908935547e+01
-1.229930973052978516e+01
-1.136411285400390625e+01
-1.072916221618652344e+01
-1.385536956787109375e+01
-7.486938476562500000e+00
-1.101221752166748047e+01
-1.099956417083740234e+01
-8.708662986755371094e+00
-9.982717514038085938e+00
-9.203243255615234375e+00
-9.810891151428222656e+00
-1.188869571685791016e+01
-9.023829460144042969e+00
-1.314523315429687500e+01
-1.176153755187988281e+01
-1.306508255004882812e+01
-1.024690914154052734e+01
-1.205209350585937500e+01
-1.322425460815429688e+01
-1.435585212707519531e+01
-1.320387935638427734e+01
-1.380168247222900391e+01
-1.264793586730957031e+01
-1.166566562652587891e+01
-1.213831329345703125e+01
-1.499436759948730469e+01
-1.190983486175537109e+01
-1.041059398651123047e+01
-1.526810455322265625e+01
-1.440818786621093750e+01
-1.186939239501953125e+01
-9.827966690063476562e+00
-1.223080730438232422e+01
-1.304752063751220703e+01
-1.100574016571044922e+01
-1.030573368072509766e+01
-1.120999908447265625e+01
-9.810887336730957031e+00
-1.026498031616210938e+01
-1.020324420928955078e+01
-5.852315425872802734e+00
-8.793592453002929688e+00
-8.458813667297363281e+00
-9.721335411071777344e+00
-1.362603569030761719e+01
-1.292742824554443359e+01
-1.196227645874023438e+01
-6.544568061828613281e+00
-3.057449102401733398e+00
-1.126929092407226562e+01
-1.444943428039550781e+01
-1.542663002014160156e+01
-1.612074851989746094e+01
-1.798902702331542969e+01
-1.667364692687988281e+01
-2.110542297363281250e+01
-1.502679347991943359e+01
-2.076447486877441406e+01
-1.846513366699218750e+01
-7.859035968780517578e+00
-1.339618396759033203e+01
-1.335198402404785156e+01
-1.365779113769531250e+01
-1.155095100402832031e+01
-1.892469215393066406e+01
-1.595669651031494141e+01
-1.105155181884765625e+01
-7.140288829803466797e+00
-3.676444292068481445e+00
-1.058078861236572266e+01
-8.811553955078125000e+00
-7.608333110809326172e+00
-1.829439735412597656e+01
-1.509741497039794922e+01
-1.444676399230957031e+01
-4.873988628387451172e+00
-1.564765071868896484e+01
-2.231840515136718750e+01
-1.790485191345214844e+01
-4.256651878356933594e+00
-1.432658863067626953e+01
-1.096408748626708984e+01
-4.959246158599853516e+00
1.007159948348999023e-01
-1.018713355064392090e+00
-2.071958541870117188e+00
-6.151689529418945312e+00
-3.142470836639404297e+00
-1.646859169006347656e+01
-1.658711051940917969e+01
-1.076310348510742188e+01
-1.951601982116699219e+01
-2.380371665954589844e+01
-2.797944831848144531e+01
-2.604655838012695312e+01
-2.513546943664550781e+01
-1.595806121826171875e+01
-1.398718166351318359e+01
-1.509828567504882812e+01
-2.067561912536621094e+01
-1.779715347290039062e+01
-1.729687309265136719e+01
-1.345293140411376953e+01
-1.403239727020263672e+01
-1.818872451782226562e+01
-7.785770893096923828e+00
-1.730179595947265625e+01
-1.411146354675292969e+01
-1.457099437713623047e+01
-1.193004226684570312e+01
-2.023922729492187500e+01
-2.001493644714355469e+01
-1.333702087402343750e+01
-2.224890708923339844e+01
-1.835727500915527344e+01
-1.899127578735351562e+01
-2.066657447814941406e+01
-2.105411338806152344e+01
-2.119454956054687500e+01
-1.859019470214843750e+01
-1.953282546997070312e+01
-2.419159507751464844e+01
-2.101285552978515625e+01
-2.091090202331542969e+01
-1.204577827453613281e+01
-1.608107948303222656e+01
-1.495372962951660156e+01
-1.472767066955566406e+01
-1.620227622985839844e+01
-1.128702354431152344e+01
-1.042685508728027344e+01
-1.088980960845947266e+01
-8.658616065979003906e+00
-8.913189888000488281e+00
-5.755932807922363281e+00
-2.223501586914062500e+01
-2.138924980163574219e+01
-1.784790039062500000e+01
-1.872614097595214844e+01
-2.314668273925781250e+01
-2.004499435424804688e+01
-1.618350219726562500e+01
-1.733111190795898438e+01
-7.295022964477539062e+00
-1.140759563446044922e+01
-4.276574134826660156e+00
-1.445245933532714844e+01
-1.284424018859863281e+01
-8.687444686889648438e+00
-1.355582618713378906e+01
-1.233360862731933594e+01
-6.415534973144531250e+00
-8.222483634948730469e+00
-2.374608039855957031e+01
-1.182688331604003906e+01
-6.299113750457763672e+00
-1.458758640289306641e+01
-2.550580406188964844e+01
-2.584300613403320312e+01
-2.358544349670410156e+01
-2.428947639465332031e+01
-1.305888843536376953e+01
-6.030436992645263672e+00
-3.807994365692138672e+00
-2.293391227722167969e+00
-1.050916767120361328e+01
-1.195254421234130859e+01
-7.837178707122802734e+00
-7.202057838439941406e+00
-1.078708362579345703e+01
-1.604842376708984375e+01
-3.373265504837036133e+00
-1.277918815612792969e+01
-7.903331756591796875e+00
-3.797779083251953125e+00
-1.433650207519531250e+01
-1.566471672058105469e+01
-1.620662307739257812e+01
-1.401689434051513672e+01
-1.879855728149414062e+01
-2.176178550720214844e+01
-2.233116722106933594e+01
-2.060350990295410156e+01
-2.564724540710449219e+01
-1.947200202941894531e+01
-1.976889610290527344e+01
-1.794612884521484375e+01
-1.396065044403076172e+01
-8.457488059997558594e+00
-8.331697463989257812e+00
-1.018145370483398438e+01
-2.019105529785156250e+01
-1.631144714355468750e+01
-1.471893119812011719e+01
-1.796457672119140625e+01
-1.625818824768066406e+01
-1.750623893737792969e+01
-1.959341621398925781e+01
-1.574283123016357422e+01
-1.592976856231689453e+01
6.563889026641845703e+00
-1.785287022590637207e+00
4.723230361938476562e+00
-1.331405544281005859e+01
-1.855750846862792969e+01
-1.486843585968017578e+01
-2.703270721435546875e+01
-2.131996345520019531e+01
-1.623810195922851562e+01
-1.996740913391113281e+01
-2.379108238220214844e+01
-2.432219123840332031e+01
-1.303893661499023438e+01
-2.131624031066894531e+01
-2.353854942321777344e+01
-2.071326828002929688e+01
-1.495271110534667969e+01
-1.471463108062744141e+01
-1.420778942108154297e+01
-1.714420890808105469e+01
-1.221554183959960938e+01
-1.372536754608154297e+01
-1.163614273071289062e+01
-1.177619266510009766e+01
-1.099559020996093750e+01
-1.297865009307861328e+01
-1.310367202758789062e+01
1.795110464096069336e+00
-1.497051334381103516e+01
-1.683109283447265625e+01
-1.217986297607421875e+01
-1.235900878906250000e+01
-1.067495727539062500e+01
-4.457610607147216797e+00
-1.275919818878173828e+01
-1.332281970977783203e+01
-1.472457122802734375e+01
-1.507557010650634766e+01
-1.667325592041015625e+01
-1.325365447998046875e+01
-1.223778629302978516e+01
-8.222663879394531250e+00
-5.141963958740234375e+00
-5.504165649414062500e+00
-7.292792797088623047e+00
-9.062281608581542969e+00
-1.151535129547119141e+01
-8.345750808715820312e+00
-1.007094287872314453e+01
-1.248530197143554688e+01
-8.974906921386718750e+00
-1.357610988616943359e+01
-1.798432540893554688e+01
-1.281017303466796875e+01
-8.598439216613769531e+00
-8.898925781250000000e+00
-8.190931320190429688e+00
-6.186845779418945312e+00
-8.371273040771484375e+00
-8.018434524536132812e+00
-7.334379673004150391e+00
-6.537666320800781250e+00
-8.637712478637695312e+00
-5.894794940948486328e+00
-1.733553647994995117e+00
-1.063852310180664062e+00
-2.063755512237548828e+00
-4.627319812774658203e+00
-1.057975482940673828e+01
-1.489709138870239258e+00
1.076001930236816406e+01
-9.693085670471191406e+00
-9.348627090454101562e+00
-4.750730514526367188e+00
-1.234635353088378906e+00
-5.341067790985107422e+00
-9.934546470642089844e+00
-2.628015279769897461e+00
6.512537479400634766e+00
-8.800670623779296875e+00
-1.041376495361328125e+01
-9.934123992919921875e+00
-1.966855621337890625e+01
-1.643897628784179688e+01
-1.774248886108398438e+01
-1.573793506622314453e+01
-5.880274772644042969e+00
-1.250873851776123047e+01
-1.248950386047363281e+01
-9.447657585144042969e+00
-9.592925071716308594e+00
-6.352960109710693359e+00
-7.465454578399658203e+00
-7.390118122100830078e+00
-4.394848346710205078e+00
-1.113160324096679688e+01
-7.612011432647705078e+00
-9.406575202941894531e+00
-8.635303497314453125e+00
-1.269114494323730469e+01
-1.262708759307861328e+01
-1.217865562438964844e+01
-1.492742156982421875e+01
-1.784806251525878906e+01
-9.391992568969726562e+00
-1.514451789855957031e+01
-1.549120521545410156e+01
-8.782317161560058594e+00
-4.680094718933105469e+00
-1.642461395263671875e+01
-1.130064964294433594e+01
-1.440811252593994141e+01
-8.644666671752929688e+00
-1.296020793914794922e+01
-6.954967379570007324e-01
-1.119987583160400391e+01
-8.704388618469238281e+00
-2.176319885253906250e+01
2.861515045166015625e+00
8.685623407363891602e-01
1.507863521575927734e+00
2.194305181503295898e+00
2.064993858337402344e+00
-6.745167374610900879e-01
5.185356736183166504e-01
-1.266303211450576782e-01
-2.684783637523651123e-01
-1.509680867195129395e+00
-6.328682899475097656e+00
-8.757651329040527344e+00
2.517172098159790039e+00
-6.115834712982177734e+00
-4.240622997283935547e+00
-5.444236755371093750e+00
-9.139763832092285156e+00
-6.509888172149658203e+00
-7.591413497924804688e+00
-7.762615680694580078e+00
2.196460247039794922e+00
-1.381667518615722656e+01
-1.443136405944824219e+01
-9.535199165344238281e+00
-5.922595024108886719e+00
-9.693930625915527344e+00
-1.617436218261718750e+01
-1.725944900512695312e+01
-1.204049205780029297e+01
-1.014655399322509766e+01
-1.315151119232177734e+01
-1.147500896453857422e+01
-2.228064537048339844e+01
-1.984556961059570312e+01
-2.299519348144531250e+01
-2.279838562011718750e+01
-2.189703178405761719e+01
-2.138092422485351562e+01
-2.306397247314453125e+01
-2.077298927307128906e+01
-2.268274116516113281e+01
-2.445224571228027344e+01
-2.391040420532226562e+01
-2.469281578063964844e+01
-2.263083839416503906e+01
-1.897800827026367188e+01
-8.601931571960449219e+00
-1.162490749359130859e+01
-1.850850677490234375e+01
-1.941541671752929688e+01
-1.852830505371093750e+01
-2.245897293090820312e+01
-2.155162239074707031e+01
-1.909078788757324219e+01
-2.223935699462890625e+01
-2.154836654663085938e+01
-1.864303016662597656e+01
-1.552471828460693359e+01
-1.978762245178222656e+01
-1.581817245483398438e+01
-1.423780155181884766e+01
-1.134016227722167969e+01
-1.392002964019775391e+01
-1.486939239501953125e+01
-1.332265472412109375e+01
-2.608770942687988281e+01
-2.425777435302734375e+01
-1.285431575775146484e+01
-1.531931877136230469e+01
-1.385389232635498047e+01
-2.564280509948730469e+01
-6.707865238189697266e+00
-1.008473110198974609e+01
-1.087205028533935547e+01
-9.716643333435058594e+00
-9.639827728271484375e+00
-1.410042667388916016e+01
-1.256316852569580078e+01
-1.736403656005859375e+01
-7.046360969543457031e+00
-1.460535907745361328e+01
-1.202676773071289062e+01
-9.440254211425781250e+00
-8.731042861938476562e+00
-1.072917175292968750e+01
-4.778489589691162109e+00
-7.125722408294677734e+00
-1.343072128295898438e+01
-1.772916984558105469e+01
-1.484339523315429688e+01
-1.214157009124755859e+01
-9.456007957458496094e+00
-1.179986476898193359e+01
-2.051104736328125000e+01
-1.293116569519042969e+01
-1.325309848785400391e+01
-1.041602897644042969e+01
-7.500390052795410156e+00
-9.261051177978515625e+00
-6.474837779998779297e+00
-5.500898838043212891e+00
-6.861285209655761719e+00
-9.562392234802246094e+00
-3.543582439422607422e+00
-8.328869819641113281e+00
-5.179763793945312500e+00
-1.546547889709472656e+01
-3.502729654312133789e+00
-1.723799133300781250e+01
-1.033135700225830078e+01
-2.274746179580688477e+00
-7.263342380523681641e+00
-7.892734050750732422e+00
-5.406184196472167969e+00
-9.448835372924804688e+00
-2.882232427597045898e+00
-7.578251361846923828e+00
-6.728608131408691406e+00
-3.588419675827026367e+00
-1.198669052124023438e+01
-1.510352039337158203e+01
-1.183784866333007812e+01
-1.191314029693603516e+01
-1.261796092987060547e+01
-1.544765663146972656e+01
-8.181312561035156250e+00
-8.715238571166992188e+00
-9.838942527770996094e+00
-1.304811477661132812e+01
-1.307588481903076172e+01
-1.014189243316650391e+01
-1.133195686340332031e+01
-1.737225914001464844e+01
-1.696925735473632812e+01
-1.138583183288574219e+01
-7.719211578369140625e+00
-5.174079418182373047e+00
-6.623902320861816406e+00
-8.507606506347656250e+00
-1.243840122222900391e+01
-1.129256534576416016e+01
-9.885034561157226562e+00
-9.919276237487792969e+00
-1.081954860687255859e+01
-1.246066379547119141e+01
-1.182115650177001953e+01
-1.224075031280517578e+01
-1.384813022613525391e+01
-9.493482589721679688e+00
-6.971432685852050781e+00
-1.105128765106201172e+01
-9.923435211181640625e+00
-9.435261726379394531e+00
-1.167253589630126953e+01
-1.143666267395019531e+01
-1.788264065980911255e-01
-5.794695854187011719e+00
-1.002935886383056641e+00
-9.672649383544921875e+00
-1.027008056640625000e+01
-3.779509305953979492e+00
-6.941274166107177734e+00
-3.313088893890380859e+00
-3.308614730834960938e+00
4.447924137115478516e+00
-1.145939254760742188e+01
-1.243484401702880859e+01
-8.623584747314453125e+00
-1.432945156097412109e+01
-1.587689781188964844e+01
-1.313626194000244141e+01
-9.597574234008789062e+00
-1.237021636962890625e+01
-1.551217365264892578e+01
-1.005851840972900391e+01
-7.758706569671630859e+00
-4.341436386108398438e+00
-9.853632926940917969e+00
-4.285580158233642578e+00
-8.864180564880371094e+00
-2.556038141250610352e+00
-1.557323074340820312e+01
-6.574963092803955078e+00
-8.380075454711914062e+00
-1.152240562438964844e+01
-8.217039108276367188e+00
-1.151184177398681641e+01
-1.023109912872314453e+01
-1.301784038543701172e+01
-1.527717685699462891e+01
-1.037617206573486328e+01
-1.437285995483398438e+01
-1.182997608184814453e+01
-1.264820194244384766e+01
-1.501986217498779297e+01
-1.789439392089843750e+01
-1.757794189453125000e+01
-8.651680946350097656e+00
-1.300666522979736328e+01
-1.204897880554199219e+01
-1.055224704742431641e+01
-9.624254226684570312e+00
-1.335007762908935547e+01
-1.294812393188476562e+01
-1.549579429626464844e+01
-1.331656932830810547e+01
-1.395509243011474609e+01
-1.750935745239257812e+01
-1.717600822448730469e+01
-1.493677234649658203e+01
-1.557294082641601562e+01
-1.617850875854492188e+01
-1.667440032958984375e+01
-1.409578895568847656e+01
-1.394466686248779297e+01
-1.470684337615966797e+01
-1.397232913970947266e+01
-1.448188114166259766e+01
-1.890082931518554688e+01
-1.298931598663330078e+01
-1.597669982910156250e+01
-1.781831550598144531e+01
-1.663579940795898438e+01
-1.498501968383789062e+01
-1.844557952880859375e+01
-1.859909248352050781e+01
-2.018463325500488281e+01
-1.949060058593750000e+01
-1.873084068298339844e+01
-1.779586791992187500e+01
-1.558645439147949219e+01
-1.924615478515625000e+01
-2.094807815551757812e+01
-1.774372673034667969e+01
-2.036055183410644531e+01
-2.127537155151367188e+01
-2.264865112304687500e+01
-2.069159317016601562e+01
-2.081106376647949219e+01
-2.297920417785644531e+01
-2.221035003662109375e+01
-2.184551239013671875e+01
-2.301466560363769531e+01
-2.247553825378417969e+01
-2.409239387512207031e+01
-2.286747550964355469e+01
-2.355339622497558594e+01
-2.320990562438964844e+01
-2.387613677978515625e+01
-2.328103828430175781e+01
-2.363916397094726562e+01
-2.175940895080566406e+01
-2.092313194274902344e+01
-2.152637481689453125e+01
-2.004811477661132812e+01
-2.030382919311523438e+01
-2.050071525573730469e+01
-1.931470108032226562e+01
-2.227963066101074219e+01
-2.244957923889160156e+01
-2.286262130737304688e+01
-2.256824302673339844e+01
-2.068865013122558594e+01
-2.206340980529785156e+01
-2.164386177062988281e+01
-2.093835639953613281e+01
-1.312823390960693359e+01
-1.673076438903808594e+01
-1.966820716857910156e+01
-1.100627899169921875e+01
-1.173413753509521484e+01
-1.082698440551757812e+01
-9.474568367004394531e+00
-5.046420097351074219e+00
-6.792384147644042969e+00
-5.419884681701660156e+00
-1.284946060180664062e+01
-5.856613159179687500e+00
-1.614301681518554688e+01
-1.294347476959228516e+01
-1.358772468566894531e+01
-1.343676280975341797e+01
-1.059928035736083984e+01
-1.059150695800781250e+01
-1.268370437622070312e+01
-1.001638507843017578e+01
-1.016123962402343750e+01
-1.033443546295166016e+01
-1.160588264465332031e+01
-1.255178737640380859e+01
-1.312179851531982422e+01
-1.529859638214111328e+01
-1.340560531616210938e+01
-1.142394065856933594e+01
-1.352164840698242188e+01
-1.420825004577636719e+01
-1.774733924865722656e+01
-1.163858509063720703e+01
-1.573639392852783203e+01
-1.863107109069824219e+01
-1.997385978698730469e+01
-1.592659473419189453e+01
-2.790179729461669922e+00
-2.123335266113281250e+01
-1.348040580749511719e+01
-1.753432655334472656e+01
-1.945280456542968750e+01
-1.694635009765625000e+01
-1.755905723571777344e+01
-2.167972183227539062e+01
-1.797985076904296875e+01
-1.660301208496093750e+01
-2.139492607116699219e+01
-2.073280334472656250e+01
-2.119466018676757812e+01
-2.167329216003417969e+01
-2.187325477600097656e+01
-2.141347694396972656e+01
-2.104929542541503906e+01
-2.055159759521484375e+01
-2.089169883728027344e+01
-1.868409347534179688e+01
-2.105105972290039062e+01
-2.013658523559570312e+01
-2.096875381469726562e+01
-2.130799484252929688e+01
-2.055833244323730469e+01
-2.117896461486816406e+01
-2.075301933288574219e+01
-2.186896133422851562e+01
-2.169993019104003906e+01
-2.208572959899902344e+01
-2.124355125427246094e+01
-2.166757583618164062e+01
-2.169857597351074219e+01
-2.211523056030273438e+01
-2.177510452270507812e+01
-2.196595573425292969e+01
-2.156195449829101562e+01
-2.140048980712890625e+01
-2.088343238830566406e+01
-2.208011054992675781e+01
-2.127697563171386719e+01
-2.122958755493164062e+01
-2.127489089965820312e+01
-2.156202697753906250e+01
-2.081598472595214844e+01
-2.205519866943359375e+01
-2.177902412414550781e+01
-2.200551795959472656e+01
-2.146382522583007812e+01
-2.122108459472656250e+01
-2.089060592651367188e+01
-2.048944473266601562e+01
-1.836499023437500000e+01
-2.012877082824707031e+01
-2.172723007202148438e+01
-2.035939598083496094e+01
-2.033705902099609375e+01
-2.097118377685546875e+01
-2.060652732849121094e+01
-2.124705123901367188e+01
-2.120483207702636719e+01
-2.049734687805175781e+01
-2.124005889892578125e+01
-2.043656730651855469e+01
-2.011657333374023438e+01
-2.012010192871093750e+01
-1.994588851928710938e+01
-1.989702606201171875e+01
-2.056179237365722656e+01
-2.058808517456054688e+01
-2.002858352661132812e+01
-1.996005249023437500e+01
-2.050968360900878906e+01
-2.142944908142089844e+01
-2.241137123107910156e+01
-2.325725173950195312e+01
-2.222508811950683594e+01
-2.255622291564941406e+01
-2.193239021301269531e+01
-2.291717910766601562e+01
-2.127415275573730469e+01
-2.206312561035156250e+01
-2.083441734313964844e+01
-1.846106910705566406e+01
-1.836709976196289062e+01
-1.990585708618164062e+01
-2.023521614074707031e+01
-2.002203178405761719e+01
-1.880636787414550781e+01
-2.073047637939453125e+01
-2.074855422973632812e+01
-2.070836448669433594e+01
-2.182959175109863281e+01
-2.213739013671875000e+01
-2.161753273010253906e+01
-2.036152648925781250e+01
-2.033254432678222656e+01
-2.095757102966308594e+01
-2.105528068542480469e+01
-2.132692718505859375e+01
-2.160575675964355469e+01
-2.182793998718261719e+01
-2.104859733581542969e+01
-2.133982276916503906e+01
-2.111766052246093750e+01
-2.071452713012695312e+01
-2.061337661743164062e+01
-2.079617118835449219e+01
-2.025133132934570312e+01
-2.009732246398925781e+01
-1.950629997253417969e+01
-1.980368041992187500e+01
-1.996903610229492188e+01
-1.972075462341308594e+01
-1.983056259155273438e+01
-2.035553359985351562e+01
-1.959738540649414062e+01
-2.014775657653808594e+01
-1.953995704650878906e+01
-1.861229133605957031e+01
-1.845312309265136719e+01
-1.869334411621093750e+01
-1.815239143371582031e+01
-1.870260429382324219e+01
-1.847290039062500000e+01
-1.769855117797851562e+01
-1.751468849182128906e+01
-1.970234489440917969e+01
-1.781303787231445312e+01
-2.033933639526367188e+01
-1.888878822326660156e+01
-1.760039138793945312e+01
-1.928383636474609375e+01
-2.093175125122070312e+01
-1.927099800109863281e+01
-2.043408012390136719e+01
-2.110322380065917969e+01
-2.030899620056152344e+01
-1.978390502929687500e+01
-2.103834915161132812e+01
-2.219046020507812500e+01
-2.085931015014648438e+01
-2.006289100646972656e+01
-1.966375160217285156e+01
-2.249608802795410156e+01
-1.888213920593261719e+01
-1.860384750366210938e+01
-1.920632553100585938e+01
-1.731192588806152344e+01
-1.849962234497070312e+01
-1.901687431335449219e+01
-1.730976676940917969e+01
-1.664834785461425781e+01
-1.731789779663085938e+01
-1.866566848754882812e+01
-1.844765472412109375e+01
-1.976836013793945312e+01
-2.021340751647949219e+01
-2.007859230041503906e+01
-1.955850410461425781e+01
-1.796013259887695312e+01
-1.976621055603027344e+01
-1.789970779418945312e+01
-1.738267707824707031e+01
-1.970820999145507812e+01
-1.538250446319580078e+01
-2.264022064208984375e+01
-1.812895011901855469e+01
-2.042301368713378906e+01
-1.990222167968750000e+01
-1.841173934936523438e+01
-1.996239662170410156e+01
-2.024179649353027344e+01
-1.965379142761230469e+01
-1.902322387695312500e+01
-1.797436714172363281e+01
-1.913829612731933594e+01
-1.770698928833007812e+01
-1.929778099060058594e+01
-1.883157920837402344e+01
-1.845538902282714844e+01
-1.947996711730957031e+01
-1.865000343322753906e+01
-1.970142745971679688e+01
-1.934837532043457031e+01
-1.938826370239257812e+01
-2.056712913513183594e+01
-1.997186470031738281e+01
-2.044428062438964844e+01
-2.047875022888183594e+01
-2.031204605102539062e+01
-1.742972755432128906e+01
-1.953598785400390625e+01
-1.684922599792480469e+01
-1.354314327239990234e+01
-2.098660659790039062e+01
-1.993742752075195312e+01
-1.732067298889160156e+01
-1.432889842987060547e+01
-1.453780841827392578e+01
-1.638110542297363281e+01
-1.887270545959472656e+01
-1.762872505187988281e+01
-1.924580383300781250e+01
-1.948106384277343750e+01
-1.956982994079589844e+01
-2.005094718933105469e+01
-1.974416732788085938e+01
-1.946656417846679688e+01
-1.962099266052246094e+01
-1.769509124755859375e+01
-1.781625938415527344e+01
-1.673604011535644531e+01
-1.747815895080566406e+01
-1.524699115753173828e+01
-1.442421054840087891e+01
-1.836788177490234375e+01
-1.833630180358886719e+01
-1.954973030090332031e+01
-1.878424835205078125e+01
-1.602328300476074219e+01
-1.415128421783447266e+01
-1.002690672874450684e+00
-8.034280776977539062e+00
-1.184823322296142578e+01
-1.362100315093994141e+01
-1.704562568664550781e+01
-1.634875488281250000e+01
-1.623757553100585938e+01
-1.129216194152832031e+01
-1.462075233459472656e+01
-1.382287025451660156e+01
-1.424549102783203125e+01
-1.518172168731689453e+01
-1.512486362457275391e+01
-1.521235466003417969e+01
-1.561865901947021484e+01
-1.538962745666503906e+01
-1.312662696838378906e+01
-1.182075119018554688e+01
-1.855531501770019531e+01
-1.722006607055664062e+01
-1.712306022644042969e+01
-1.657424545288085938e+01
-1.623466682434082031e+01
-1.732029724121093750e+01
-1.668641281127929688e+01
-1.788974761962890625e+01
-1.792465019226074219e+01
-1.690547180175781250e+01
-1.656640815734863281e+01
-1.754610443115234375e+01
-1.684755325317382812e+01
-1.555619621276855469e+01
-1.916690444946289062e+01
-2.004913139343261719e+01
-1.954767799377441406e+01
-1.757567787170410156e+01
-1.550151348114013672e+01
-1.496046257019042969e+01
-3.051310300827026367e+00
-1.510050201416015625e+01
-1.358293819427490234e+01
-1.462851428985595703e+01
-1.521912574768066406e+01
-1.718925285339355469e+01
-1.682403755187988281e+01
-1.813295936584472656e+01
-1.794455528259277344e+01
-1.865633392333984375e+01
-1.705025291442871094e+01
-1.960438728332519531e+01
-2.036592674255371094e+01
-2.084704399108886719e+01
-2.089970970153808594e+01
-2.098281097412109375e+01
-1.928158378601074219e+01
-2.024610710144042969e+01
-2.000596237182617188e+01
-2.059455490112304688e+01
-2.074221992492675781e+01
-2.029776382446289062e+01
-1.885511207580566406e+01
-1.879049110412597656e+01
-1.914812278747558594e+01
-1.825254821777343750e+01
-1.917751693725585938e+01
-1.764780807495117188e+01
-1.801432609558105469e+01
-1.916138648986816406e+01
-1.925625228881835938e+01
-1.748573303222656250e+01
-1.868068122863769531e+01
-1.842466545104980469e+01
-1.876027488708496094e+01
-2.043338966369628906e+01
-1.827001571655273438e+01
-1.810182952880859375e+01
-1.892523956298828125e+01
-1.943410873413085938e+01
-1.842182540893554688e+01
-1.787528991699218750e+01
-1.753032302856445312e+01
-1.694177818298339844e+01
-1.688136482238769531e+01
-1.757871627807617188e+01
-1.668219757080078125e+01
-1.823027229309082031e+01
-1.853069305419921875e+01
-1.768940925598144531e+01
-1.729162406921386719e+01
-1.778052139282226562e+01
-1.762145042419433594e+01
-1.826582145690917969e+01
-1.666205596923828125e+01
-1.638879394531250000e+01
-1.885184288024902344e+01
-1.845750808715820312e+01
-1.776387405395507812e+01
-1.795214462280273438e+01
-1.959076309204101562e+01
-1.770911216735839844e+01
-1.880805015563964844e+01
-1.953904914855957031e+01
-1.810196876525878906e+01
-1.591527271270751953e+01
-1.664701080322265625e+01
-1.254364490509033203e+01
-1.028082180023193359e+01
-1.007103538513183594e+01
-1.458494758605957031e+01
-6.758883953094482422e+00
-8.368571281433105469e+00
-7.634975433349609375e+00
-5.827609300613403320e-01
-1.045955777168273926e+00
3.256953716278076172e+00
-8.742692947387695312e+00
-7.843263626098632812e+00
-1.206109046936035156e+01
-1.280102539062500000e+01
-1.087741661071777344e+01
1.543857336044311523e+00
3.370822191238403320e+00
-1.762163877487182617e+00
2.874933481216430664e+00
6.800215244293212891e+00
1.887400448322296143e-01
2.799875736236572266e+00
8.134886622428894043e-01
7.502273917198181152e-01
-9.891590118408203125e+00
-8.004972457885742188e+00
1.383910536766052246e+00
3.179766893386840820e+00
1.298275709152221680e+00
4.797827243804931641e+00
3.529124736785888672e+00
1.943820357322692871e+00
1.272484421730041504e+00
2.015336513519287109e+00
2.678548574447631836e+00
8.018465638160705566e-01
-7.359652519226074219e+00
-3.963773012161254883e+00
-3.891843080520629883e+00
2.093881130218505859e+00
1.959698200225830078e+00
-4.441539764404296875e+00
-8.699574470520019531e+00
-1.349491500854492188e+01
-1.562876892089843750e+01
-1.417031669616699219e+01
-1.468247413635253906e+01
-1.646304321289062500e+01
-1.510567474365234375e+01
-1.589353752136230469e+01
-3.372640132904052734e+00
-9.940194129943847656e+00
-5.225071907043457031e+00
-4.167392730712890625e+00
-1.036090373992919922e+01
-9.982428550720214844e+00
-1.298639011383056641e+01
-1.263129234313964844e+01
-1.391009998321533203e+01
-1.138159751892089844e+01
-1.432280063629150391e+01
-9.428927421569824219e+00
-1.635428619384765625e+01
-1.533459568023681641e+01
-1.368655681610107422e+01
-1.428189659118652344e+01
-1.574918270111083984e+01
-1.405587863922119141e+01
-1.552918624877929688e+01
-1.201426696777343750e+01
-1.211191558837890625e+01
-1.312166023254394531e+01
-1.533062934875488281e+01
-1.267593574523925781e+01
-1.586830139160156250e+01
-1.597952938079833984e+01
-1.239382362365722656e+01
-1.510237693786621094e+01
-1.470873737335205078e+01
-1.585537433624267578e+01
-1.644823455810546875e+01
-1.008150768280029297e+01
-1.072873592376708984e+01
-1.048568248748779297e+01
-1.098505592346191406e+01
-1.276517963409423828e+01
-1.160204696655273438e+01
-1.219364070892333984e+01
-8.734892845153808594e+00
-9.158617019653320312e+00
-8.453699111938476562e+00
-1.075008296966552734e+01
-1.525287151336669922e+01
-1.584346771240234375e+01
-1.451286125183105469e+01
-1.584536933898925781e+01
-1.569478034973144531e+01
-1.480712318420410156e+01
-7.767529010772705078e+00
-4.232966899871826172e+00
-9.771774291992187500e+00
-1.087854957580566406e+01
-8.877671241760253906e+00
-1.206752681732177734e+01
-1.372769069671630859e+01
-1.430177497863769531e+01
-1.306832408905029297e+01
-1.429635047912597656e+01
-1.325482749938964844e+01
-1.465197944641113281e+01
-1.572723579406738281e+01
-1.406399917602539062e+01
-1.344116687774658203e+01
-1.323469829559326172e+01
-1.208460617065429688e+01
-2.475365638732910156e+00
-8.763155937194824219e+00
-6.806774139404296875e+00
-8.376076698303222656e+00
-5.488513469696044922e+00
-8.562214851379394531e+00
6.626850605010986328e+00
1.022186398506164551e+00
3.514045715332031250e+00
8.833597302436828613e-01
4.699984073638916016e+00
8.762151718139648438e+00
7.643761157989501953e+00
1.156330966949462891e+01
1.273380565643310547e+01
1.052118110656738281e+01
1.131533241271972656e+01
4.004769325256347656e+00
-3.786848068237304688e+00
3.920841515064239502e-01
8.270905017852783203e-01
-1.537881135940551758e+00
-3.297801017761230469e+00
5.638607025146484375e+00
-2.426195621490478516e+00
5.172471046447753906e+00
-3.542462587356567383e+00
-8.451375961303710938e+00
-1.040799236297607422e+01
-3.979059934616088867e+00
-8.847537994384765625e+00
-9.820552825927734375e+00
-1.011042881011962891e+01
-9.835968017578125000e+00
-8.895015716552734375e+00
-9.498424530029296875e-01
-2.290317773818969727e+00
-3.347207307815551758e+00
-6.383887767791748047e+00
-6.829478740692138672e+00
-9.912029266357421875e+00
-9.162525177001953125e+00
-9.229290008544921875e+00
-6.709174156188964844e+00
-9.908526420593261719e+00
-1.002261161804199219e+01
-5.262437820434570312e+00
-1.850838780403137207e+00
2.719823643565177917e-02
-9.158679008483886719e+00
-7.746484279632568359e+00
-1.073362064361572266e+01
-9.424133300781250000e+00
-1.118210887908935547e+01
-1.279950332641601562e+01
-1.218927192687988281e+01
-9.880825996398925781e+00
-9.739642143249511719e+00
-1.554371356964111328e+01
-9.754708290100097656e+00
-6.930997848510742188e+00
-1.211587715148925781e+01
-1.585735321044921875e+01
-1.185500812530517578e+01
-1.035999965667724609e+01
-1.259947109222412109e+01
-9.423117637634277344e+00
-5.439526557922363281e+00
-2.643202066421508789e+00
3.208791255950927734e+00
-1.715954422950744629e+00
-3.154892921447753906e+00
-2.988623619079589844e+00
-5.667197227478027344e+00
-4.989003658294677734e+00
-1.642874598503112793e+00
1.153575301170349121e+00
-2.531563043594360352e-01
2.156560420989990234e+00
-8.310085296630859375e+00
-1.623279953002929688e+01
-5.469196319580078125e+00
-5.228011131286621094e+00
-5.008553981781005859e+00
-9.073756217956542969e+00
-8.791874885559082031e+00
-1.238118076324462891e+01
-9.742145538330078125e+00
-5.042941570281982422e+00
-5.531201839447021484e+00
-8.169277191162109375e+00
-8.293932914733886719e+00
-7.125035762786865234e+00
-7.344752311706542969e+00
-8.584951400756835938e+00
-1.124420642852783203e+01
2.091093063354492188e+00
-3.110643863677978516e+00
2.541517257690429688e+00
2.554719686508178711e+00
-6.357263565063476562e+00
-5.900274276733398438e+00
-6.338205814361572266e+00
-7.584433078765869141e+00
-8.292561531066894531e+00
-1.173303413391113281e+01
-1.062767410278320312e+01
-1.603056335449218750e+01
-1.306565761566162109e+01
-6.805943965911865234e+00
-7.006991386413574219e+00
-1.204209136962890625e+01
4.387589931488037109e+00
-9.693598747253417969e+00
-7.068541049957275391e+00
-9.487233161926269531e+00
-9.761067390441894531e+00
-6.296056747436523438e+00
-8.113656997680664062e+00
-6.854919433593750000e+00
-1.042181015014648438e+01
-1.256424999237060547e+01
-1.046139430999755859e+01
-1.020740413665771484e+01
-7.046844959259033203e+00
-8.937038421630859375e+00
-7.710117816925048828e+00
