3.620955049991607666e-01
-2.983673572540283203e+00
-5.624873161315917969e+00
-4.453867912292480469e+00
4.495444774627685547e+00
1.368416786193847656e+01
1.392969989776611328e+01
1.411429309844970703e+01
1.410141468048095703e+01
1.284679222106933594e+01
9.449679255485534668e-01
1.071776866912841797e+01
6.026649475097656250e+00
1.163862466812133789e+00
-2.388217449188232422e+00
4.430075168609619141e+00
7.623117923736572266e+00
7.557723999023437500e+00
1.657761573791503906e+01
-5.790523052215576172e+00
-6.974715232849121094e+00
-4.478431224822998047e+00
-9.554824829101562500e+00
-3.051486730575561523e+00
1.626104474067687988e+00
1.329809093475341797e+01
-8.875183105468750000e+00
7.760930538177490234e+00
-1.831164240837097168e+00
-3.636600732803344727e+00
-1.783549636602401733e-01
1.332140803337097168e+00
-1.126707792282104492e+00
3.750805854797363281e-01
6.208112716674804688e+00
3.012291193008422852e+00
5.651734828948974609e+00
8.044043779373168945e-01
-3.468843460083007812e+00
-6.192466616630554199e-01
5.372362613677978516e+00
1.021507453918457031e+01
5.792537212371826172e+00
-4.826126098632812500e+00
5.304821968078613281e+00
4.058959960937500000e+00
4.870055675506591797e+00
3.354351520538330078e+00
7.851986289024353027e-01
6.623159885406494141e+00
2.294636726379394531e+00
5.503740787506103516e+00
5.592983722686767578e+00
5.515615463256835938e+00
9.361755371093750000e+00
9.529362678527832031e+00
9.529947280883789062e+00
1.707687187194824219e+01
1.515088081359863281e+01
1.072413444519042969e+01
-5.737518310546875000e+00
4.137376308441162109e+00
7.888712882995605469e+00
7.356734275817871094e+00
2.402618169784545898e+00
4.580704212188720703e+00
4.459499835968017578e+00
6.421295642852783203e+00
7.666724324226379395e-01
8.005585670471191406e+00
8.166241645812988281e+00
4.954423904418945312e+00
5.539735794067382812e+00
9.175515174865722656e+00
8.982174992561340332e-01
4.166878223419189453e+00
8.642029762268066406e+00
4.029570102691650391e+00
5.233037948608398438e+00
5.585119724273681641e+00
7.626207351684570312e+00
8.396905899047851562e+00
1.139766311645507812e+01
1.126159763336181641e+01
1.151012897491455078e+01
9.635120391845703125e+00
2.480911970138549805e+00
1.334038138389587402e+00
-4.372660517692565918e-01
6.240100860595703125e-01
4.525963306427001953e+00
1.726214647293090820e+00
3.140518903732299805e+00
2.668113231658935547e+00
1.968084216117858887e+00
-1.644533686339855194e-02
3.148409605026245117e+00
1.789264202117919922e+00
3.545155525207519531e+00
7.815920710563659668e-01
-4.687355041503906250e+00
1.133811378479003906e+01
1.017023944854736328e+01
1.286291122436523438e+01
1.194798183441162109e+01
1.074953174591064453e+01
9.457971572875976562e+00
1.202749919891357422e+01
8.975987434387207031e+00
1.051274394989013672e+01
9.736557006835937500e+00
1.003890609741210938e+01
8.456624031066894531e+00
1.117097377777099609e+01
9.423521041870117188e+00
1.054197025299072266e+01
9.750114440917968750e+00
8.807718276977539062e+00
8.222908973693847656e+00
8.239761352539062500e+00
1.016938781738281250e+01
1.220947837829589844e+01
9.588911056518554688e+00
2.454592227935791016e+00
1.310970973968505859e+01
1.614620971679687500e+01
1.144518566131591797e+01
1.166075038909912109e+01
8.250524520874023438e+00
8.778198242187500000e+00
9.050696372985839844e+00
7.842982769012451172e+00
8.983078002929687500e+00
5.390177249908447266e+00
7.302794456481933594e+00
5.215122699737548828e+00
1.177737045288085938e+01
4.566550254821777344e+00
7.417085647583007812e+00
1.798501849174499512e+00
7.362934589385986328e+00
6.294670104980468750e+00
6.470566272735595703e+00
8.034404754638671875e+00
2.031359195709228516e+00
4.516511440277099609e+00
9.834349632263183594e+00
7.177156925201416016e+00
2.850850582122802734e+00
1.080929374694824219e+01
1.055253982543945312e+01
6.320250988006591797e+00
9.217886924743652344e+00
5.354606628417968750e+00
5.744517803192138672e+00
4.544691085815429688e+00
4.347985267639160156e+00
6.859710216522216797e+00
7.479455471038818359e+00
5.580263137817382812e+00
9.621621131896972656e+00
1.002494907379150391e+01
9.673514366149902344e+00
6.315786838531494141e+00
9.604708671569824219e+00
1.338905239105224609e+01
8.704317092895507812e+00
7.765724182128906250e+00
1.116990852355957031e+01
1.353511428833007812e+01
6.954582691192626953e+00
-1.125315380096435547e+01
-9.482148170471191406e+00
-9.277836799621582031e+00
5.727093815803527832e-01
1.016541671752929688e+01
9.930381774902343750e+00
6.918435573577880859e+00
6.081183433532714844e+00
-1.626936435699462891e+00
3.606053113937377930e+00
1.880536437034606934e+00
-4.107514381408691406e+00
-8.118580818176269531e+00
-9.426118850708007812e+00
-9.571560859680175781e+00
-1.369606399536132812e+01
-1.397619247436523438e+01
-1.029661273956298828e+01
-9.097451210021972656e+00
-1.042993450164794922e+01
-5.966689109802246094e+00
-3.802247047424316406e+00
-2.300685495138168335e-01
-6.572721958160400391e+00
-1.183921527862548828e+01
-4.577229022979736328e+00
-3.216524362564086914e+00
-7.012291908264160156e+00
-7.896998405456542969e+00
-6.457911014556884766e+00
-5.154128551483154297e+00
-4.786164283752441406e+00
-4.083541393280029297e+00
-2.491884231567382812e+00
-3.595737457275390625e+00
-2.258887767791748047e+00
-5.334951877593994141e+00
1.093844175338745117e+00
-2.280943155288696289e+00
-8.224201202392578125e+00
-3.198401927947998047e+00
-3.771163463592529297e+00
-2.596225023269653320e+00
-6.870504379272460938e+00
-5.390840053558349609e+00
-2.781565666198730469e+00
-2.773716747760772705e-01
4.477090537548065186e-01
1.607882261276245117e+00
-6.646471023559570312e-01
-1.517738103866577148e+00
4.333549499511718750e+00
2.909565210342407227e+00
2.636533498764038086e+00
6.962078213691711426e-01
-5.728159427642822266e+00
-4.567640721797943115e-01
1.253033757209777832e+00
-1.233974471688270569e-01
2.001280069351196289e+00
-2.010678768157958984e+00
-1.902415454387664795e-01
-6.677291989326477051e-01
9.585691690444946289e-01
2.124001264572143555e+00
3.048429489135742188e+00
5.716367244720458984e+00
-1.065553188323974609e+01
-1.431311893463134766e+01
-1.189584064483642578e+01
-1.546515750885009766e+01
-1.626333427429199219e+01
-1.529433727264404297e+01
-1.543207836151123047e+01
-1.484459877014160156e+01
-1.602980041503906250e+01
-1.712863159179687500e+01
-1.646927070617675781e+01
-1.009475994110107422e+01
5.591813087463378906e+00
7.164347171783447266e+00
1.060662078857421875e+01
8.122352600097656250e+00
-1.520025968551635742e+00
2.742746591567993164e+00
1.373633384704589844e+00
3.139645338058471680e+00
7.532593727111816406e+00
5.556060791015625000e+00
7.099686622619628906e+00
6.684309482574462891e+00
9.652759552001953125e+00
1.163460636138916016e+01
1.309285640716552734e+01
1.325829887390136719e+01
1.613657379150390625e+01
1.248860168457031250e+01
9.748561859130859375e+00
1.128382301330566406e+01
1.331891059875488281e+01
1.406538867950439453e+01
1.154975414276123047e+01
6.983439922332763672e+00
4.929420948028564453e+00
3.041748046875000000e+00
3.938592672348022461e+00
4.444332122802734375e+00
3.475267410278320312e+00
-1.605246901512145996e+00
2.781805753707885742e+00
-8.876516222953796387e-01
-9.400293350219726562e+00
-1.102441120147705078e+01
-1.011664485931396484e+01
-1.123336791992187500e+01
-1.519355106353759766e+01
-1.015762519836425781e+01
-6.383494377136230469e+00
-8.953531265258789062e+00
-1.126506519317626953e+01
-1.449100780487060547e+01
-1.660077476501464844e+01
-9.963312149047851562e+00
-4.251381874084472656e+00
8.032127022743225098e-01
2.685593366622924805e+00
-5.468313694000244141e+00
-6.762665510177612305e-01
-4.331443309783935547e+00
-4.336594581604003906e+00
-1.526233911514282227e+00
3.688119411468505859e+00
5.183924674987792969e+00
5.874990940093994141e+00
-6.503140449523925781e+00
-1.474288558959960938e+01
-1.227562999725341797e+01
-8.872140884399414062e+00
-1.680822134017944336e+00
-4.101283550262451172e+00
-1.110633468627929688e+01
-1.000905323028564453e+01
8.684933662414550781e+00
-3.512190341949462891e+00
1.293695569038391113e+00
-3.246267795562744141e+00
-1.465014171600341797e+01
-2.152004718780517578e+00
-3.789489984512329102e+00
1.237053775787353516e+01
1.254020500183105469e+01
1.109831333160400391e+01
1.626345825195312500e+01
1.544815635681152344e+01
1.725145912170410156e+01
1.484127521514892578e+01
1.874769401550292969e+01
1.122463417053222656e+01
1.745123291015625000e+01
1.933456611633300781e+01
1.805390167236328125e+01
1.877258872985839844e+01
1.886388397216796875e+01
1.498249816894531250e+01
1.408394336700439453e+01
1.741782188415527344e+01
1.948274993896484375e+01
1.087915229797363281e+01
9.535662651062011719e+00
1.281535243988037109e+01
1.105291271209716797e+01
1.930655288696289062e+01
1.533168601989746094e+01
1.633513450622558594e+01
1.372343063354492188e+01
-1.503626251220703125e+01
-5.443016052246093750e+00
-3.895952939987182617e+00
-8.728683471679687500e+00
-1.686256980895996094e+01
-1.806218338012695312e+01
-1.777261543273925781e+01
-1.499684429168701172e+01
8.573830723762512207e-01
7.972890853881835938e+00
-1.029425716400146484e+01
-3.243667364120483398e+00
2.163001537322998047e+00
7.286170005798339844e+00
-2.094948105514049530e-02
6.235749244689941406e+00
3.528275191783905029e-01
1.725395774841308594e+01
1.661386871337890625e+01
-5.374464035034179688e+00
5.465840816497802734e+00
1.076865196228027344e+01
7.315723896026611328e+00
-1.156593036651611328e+01
-1.218832778930664062e+01
-1.828623390197753906e+01
1.577178764343261719e+01
1.736985206604003906e+01
1.845660591125488281e+01
1.654434776306152344e+01
1.736413574218750000e+01
2.104666709899902344e+01
1.257194995880126953e+01
2.088314819335937500e+01
2.140045928955078125e+01
2.046370887756347656e+01
2.238004112243652344e+01
2.090772819519042969e+01
1.502047061920166016e+01
1.027440643310546875e+01
1.618096542358398438e+01
1.663539695739746094e+01
1.256182670593261719e+01
1.306031036376953125e+01
8.022203445434570312e+00
5.113329410552978516e+00
8.215877532958984375e+00
3.870847225189208984e+00
8.828048706054687500e-01
-3.692205429077148438e+00
1.635215759277343750e+00
-3.070004880428314209e-01
-2.951283216476440430e+00
-4.629527568817138672e+00
-1.582762813568115234e+01
-1.883290290832519531e+01
-1.721478271484375000e+01
-1.786651039123535156e+01
-1.999508094787597656e+01
-2.014821815490722656e+01
-1.960036277770996094e+01
-1.877030181884765625e+01
-1.646113014221191406e+01
-1.745621681213378906e+01
-1.639389228820800781e+01
-1.464268875122070312e+01
-1.575845432281494141e+01
-1.022115039825439453e+01
-1.534106445312500000e+01
-1.872450447082519531e+01
-1.485011482238769531e+01
-1.695554351806640625e+01
-1.981449890136718750e+01
-1.839155197143554688e+01
-1.451635074615478516e+01
-1.750642585754394531e+01
-1.666833305358886719e+01
-9.709612846374511719e+00
-1.484553050994873047e+01
-1.754833030700683594e+01
-1.754632377624511719e+01
-1.871983528137207031e+01
-1.385187816619873047e+01
-1.943867874145507812e+01
-1.924181175231933594e+01
-1.947880744934082031e+01
-1.968170547485351562e+01
-1.926062965393066406e+01
-1.802300834655761719e+01
-1.300299835205078125e+01
-1.993435859680175781e+01
-2.081576538085937500e+01
-2.019521713256835938e+01
-2.055901145935058594e+01
-1.942800521850585938e+01
-1.843413734436035156e+01
-1.932797813415527344e+01
-5.676980018615722656e+00
-1.844429206848144531e+01
-1.740175819396972656e+01
-2.063431167602539062e+01
-2.058491706848144531e+01
-1.762950325012207031e+01
-2.235480880737304688e+01
-2.012652587890625000e+01
-1.944542312622070312e+01
-1.316572856903076172e+01
-1.473633480072021484e+01
-2.176093292236328125e+01
-2.166509819030761719e+01
-2.024017906188964844e+01
-1.919542884826660156e+01
-1.745259284973144531e+01
-1.326232051849365234e+01
-1.701761436462402344e+01
-1.293917274475097656e+01
-2.067431259155273438e+01
-2.222759246826171875e+01
-1.521687793731689453e+01
-2.196080970764160156e+01
-1.848418617248535156e+01
-1.703061866760253906e+01
-1.869869613647460938e+01
-1.535869026184082031e+01
-1.816571998596191406e+01
-2.101923179626464844e+01
-2.291169738769531250e+01
-1.291682052612304688e+01
-1.921743392944335938e+01
-1.847684478759765625e+01
-2.259574508666992188e+01
-1.728299903869628906e+01
-2.027820968627929688e+01
-1.744400596618652344e+01
-1.343781089782714844e+01
-1.513968467712402344e+01
-1.831157684326171875e+01
-1.650152778625488281e+01
-2.128112030029296875e+01
-1.897591781616210938e+01
-1.598820686340332031e+01
-1.918748855590820312e+01
-2.144753837585449219e+01
-1.985300827026367188e+01
-2.250341987609863281e+01
-2.050706100463867188e+01
-1.983648490905761719e+01
-2.141513633728027344e+01
-2.093775177001953125e+01
-1.889343833923339844e+01
-2.013308906555175781e+01
-1.922694587707519531e+01
-1.632469367980957031e+01
-1.787124061584472656e+01
-1.654610824584960938e+01
-1.886340522766113281e+01
-2.098051071166992188e+01
-1.856585311889648438e+01
-1.964824295043945312e+01
-2.080543136596679688e+01
-1.955977821350097656e+01
-2.110791969299316406e+01
-1.821205139160156250e+01
-1.653393554687500000e+01
-1.825509643554687500e+01
-1.920429229736328125e+01
-1.946102905273437500e+01
-1.942894363403320312e+01
-1.826936721801757812e+01
-1.874666595458984375e+01
-1.868813323974609375e+01
-1.749478912353515625e+01
-1.845718383789062500e+01
-1.588654422760009766e+01
-1.417340373992919922e+01
-1.574596786499023438e+01
-1.530136489868164062e+01
-1.505161094665527344e+01
-1.206695556640625000e+01
-1.116679954528808594e+01
-1.434194469451904297e+01
-1.066549205780029297e+01
-1.756962966918945312e+01
-1.714025497436523438e+01
-1.564205837249755859e+01
-1.545782756805419922e+01
-1.338264846801757812e+01
-2.071642112731933594e+01
-2.140902709960937500e+01
-2.026973152160644531e+01
-1.930965805053710938e+01
-1.833815383911132812e+01
-1.984831428527832031e+01
-2.032249259948730469e+01
-2.071922492980957031e+01
-1.775105857849121094e+01
-1.784214401245117188e+01
-1.785061264038085938e+01
-1.400204181671142578e+01
-1.473611164093017578e+01
-1.555936431884765625e+01
-1.623664665222167969e+01
-1.477871704101562500e+01
-1.329270076751708984e+01
-1.339890861511230469e+01
-1.595517826080322266e+01
-1.268190765380859375e+01
-1.268826484680175781e+01
-1.235825538635253906e+01
-1.078902244567871094e+01
-1.930282592773437500e+01
-1.486436557769775391e+01
-1.391393470764160156e+01
-1.950550651550292969e+01
-1.903950119018554688e+01
-1.988575172424316406e+01
-2.133455276489257812e+01
-2.256642150878906250e+01
-2.266070175170898438e+01
-2.210253715515136719e+01
-2.296874809265136719e+01
-2.099904632568359375e+01
-1.739711380004882812e+01
-2.082700920104980469e+01
-2.056329345703125000e+01
-2.232461929321289062e+01
-2.014293289184570312e+01
-2.033083915710449219e+01
-1.982370567321777344e+01
-2.006130409240722656e+01
-1.942598724365234375e+01
-1.756449699401855469e+01
-2.002519226074218750e+01
-1.959660530090332031e+01
-1.926491737365722656e+01
-2.010737800598144531e+01
-2.135871696472167969e+01
-1.866515731811523438e+01
-1.833315849304199219e+01
-1.414116573333740234e+01
-1.718862915039062500e+01
-1.678486251831054688e+01
-1.490659427642822266e+01
-1.370174217224121094e+01
-1.552201175689697266e+01
-1.343986129760742188e+01
-1.349115943908691406e+01
-1.329074764251708984e+01
-1.072860908508300781e+01
-1.027961254119873047e+01
-9.985175132751464844e+00
-5.288974761962890625e+00
-5.410402774810791016e+00
-2.080548477172851562e+01
-2.141314697265625000e+01
-1.997328948974609375e+01
-1.811564254760742188e+01
-1.897123908996582031e+01
-1.779730224609375000e+01
-1.982848930358886719e+01
-1.987064552307128906e+01
-2.104577445983886719e+01
-2.190592575073242188e+01
-2.109454917907714844e+01
-2.143089675903320312e+01
-2.155944252014160156e+01
-2.228781127929687500e+01
-2.184985542297363281e+01
-2.181489562988281250e+01
-2.095191955566406250e+01
-2.098691177368164062e+01
-2.110147094726562500e+01
-2.114627456665039062e+01
-2.087173271179199219e+01
-2.085281562805175781e+01
-2.056866264343261719e+01
-2.057093048095703125e+01
-1.804883956909179688e+01
-2.132352638244628906e+01
-2.007835197448730469e+01
-2.025660133361816406e+01
-1.983377456665039062e+01
-1.888228034973144531e+01
-1.957841300964355469e+01
-1.967341613769531250e+01
-2.090515136718750000e+01
-2.014919471740722656e+01
-1.941864204406738281e+01
-2.169425010681152344e+01
-2.002932167053222656e+01
-2.152813911437988281e+01
-2.175429344177246094e+01
-1.730033874511718750e+01
-2.153150939941406250e+01
-1.983341789245605469e+01
-1.078745079040527344e+01
-1.286369228363037109e+01
-1.266732406616210938e+01
-1.236403179168701172e+01
-8.620153427124023438e+00
-1.093788623809814453e+01
-1.098006057739257812e+01
-1.517241382598876953e+01
-1.509433650970458984e+01
-1.492166900634765625e+01
-1.480054187774658203e+01
-1.576246643066406250e+01
-1.551924324035644531e+01
-1.748843574523925781e+01
-1.726159667968750000e+01
-1.651359558105468750e+01
-1.754049491882324219e+01
-1.778805541992187500e+01
-1.857195472717285156e+01
-1.799457740783691406e+01
-1.744891166687011719e+01
-1.713852310180664062e+01
-1.488356494903564453e+01
-1.595748901367187500e+01
-1.622339630126953125e+01
-1.631643486022949219e+01
-1.540255069732666016e+01
-1.334616947174072266e+01
-1.219902133941650391e+01
-1.413034343719482422e+01
-1.807537651062011719e+01
-1.373202323913574219e+01
-1.038537216186523438e+01
-9.758731842041015625e+00
-1.064253520965576172e+01
-9.001604080200195312e+00
-1.331187057495117188e+01
-1.791187286376953125e+01
-1.458295059204101562e+01
-1.344176769256591797e+01
-1.138434791564941406e+01
-1.394810009002685547e+01
-1.713966941833496094e+01
-1.610217857360839844e+01
-1.891218185424804688e+01
-2.047220039367675781e+01
-1.996199226379394531e+01
-1.554498386383056641e+01
-1.478646659851074219e+01
-1.345015430450439453e+01
-1.341882896423339844e+01
-1.508068275451660156e+01
-1.631244277954101562e+01
-1.801772308349609375e+01
-1.971094512939453125e+01
-1.697661399841308594e+01
-1.478093338012695312e+01
-1.405799579620361328e+01
-1.767834281921386719e+01
-1.845454978942871094e+01
-1.826697731018066406e+01
-1.590870571136474609e+01
-1.729103851318359375e+01
-1.783548545837402344e+01
-1.840970230102539062e+01
-1.932816314697265625e+01
-1.677415466308593750e+01
-1.845912170410156250e+01
-2.114364242553710938e+01
-2.117603683471679688e+01
-2.385150527954101562e+01
-1.966092300415039062e+01
-1.280192756652832031e+01
-1.121640682220458984e+01
-2.144374656677246094e+01
-2.287905311584472656e+01
-2.302408599853515625e+01
-2.208620071411132812e+01
-2.249355697631835938e+01
-2.190003013610839844e+01
-2.507126426696777344e+01
-2.509510231018066406e+01
-2.565281677246093750e+01
-2.604851913452148438e+01
-2.552068519592285156e+01
-2.517675209045410156e+01
-2.696628761291503906e+01
-2.845075988769531250e+01
-2.789003753662109375e+01
-2.778147888183593750e+01
-2.804995918273925781e+01
-3.038945770263671875e+01
-3.070921897888183594e+01
-3.080373191833496094e+01
-3.095118141174316406e+01
-2.993763351440429688e+01
-3.069696807861328125e+01
-2.947225952148437500e+01
-3.067676925659179688e+01
-3.066393852233886719e+01
-3.050666618347167969e+01
-3.111117172241210938e+01
-1.116578960418701172e+01
-1.974804115295410156e+01
-1.680415916442871094e+01
-1.567389774322509766e+01
-2.060718345642089844e+01
-1.792639923095703125e+01
-1.825883483886718750e+01
-2.001807212829589844e+01
-1.644603538513183594e+01
-1.542021465301513672e+01
-1.722562599182128906e+01
-1.646415710449218750e+01
-1.540428066253662109e+01
-2.065269279479980469e+01
-9.668552398681640625e+00
-6.843995094299316406e+00
-1.076590824127197266e+01
-1.131641483306884766e+01
-1.482303714752197266e+01
-1.306694984436035156e+01
-7.114220142364501953e+00
-6.464839935302734375e+00
-2.542538404464721680e+00
-6.225782394409179688e+00
-1.046870803833007812e+01
-5.001516819000244141e+00
-1.594697237014770508e+00
7.658532619476318359e+00
1.999554872512817383e+00
-1.085015892982482910e+00
-5.586576461791992188e+00
-1.171620750427246094e+01
-1.167224407196044922e+01
-6.038998126983642578e+00
-6.798325538635253906e+00
-4.068976879119873047e+00
-3.173811733722686768e-01
-5.817831754684448242e-01
-1.030301451683044434e+00
-1.192731380462646484e+01
-1.150859546661376953e+01
-1.299476242065429688e+01
-1.310942649841308594e+01
-1.352099323272705078e+01
-1.617687416076660156e+01
-1.601424789428710938e+01
-1.446897792816162109e+01
-1.123393917083740234e+01
-1.226660156250000000e+01
6.070127487182617188e-01
-7.788412570953369141e+00
-1.067167568206787109e+01
-3.462113618850708008e+00
-1.053296756744384766e+01
-7.804287433624267578e+00
-7.115627288818359375e+00
-8.041221618652343750e+00
-9.562763214111328125e+00
-8.513771057128906250e+00
-1.565540313720703125e+01
-1.605292892456054688e+01
-2.026022720336914062e+01
-2.076507949829101562e+01
-1.616835403442382812e+01
-1.939368247985839844e+01
-1.844169044494628906e+01
-1.943157958984375000e+01
-1.831210136413574219e+01
-1.848861312866210938e+01
-1.471465206146240234e+01
-1.751021766662597656e+01
-1.595923328399658203e+01
-1.653818893432617188e+01
-1.680705070495605469e+01
-1.724247932434082031e+01
-1.713775444030761719e+01
-1.741362380981445312e+01
-1.759543228149414062e+01
-1.738036537170410156e+01
-1.814678764343261719e+01
-1.763867187500000000e+01
-1.658012580871582031e+01
-1.566956901550292969e+01
-1.417233657836914062e+01
-1.779495811462402344e+01
-1.714857673645019531e+01
-1.842608642578125000e+01
-1.753555107116699219e+01
-1.699577140808105469e+01
-1.439027118682861328e+01
-1.785823822021484375e+01
-1.794754219055175781e+01
-1.726288604736328125e+01
-1.700810432434082031e+01
-1.647999954223632812e+01
-1.789794540405273438e+01
-1.816413497924804688e+01
-1.746290206909179688e+01
-1.871186637878417969e+01
-1.933658790588378906e+01
-1.965439796447753906e+01
-1.964288902282714844e+01
-1.980754280090332031e+01
-2.013723564147949219e+01
-2.069558143615722656e+01
-1.944354629516601562e+01
-1.960916328430175781e+01
-2.033139038085937500e+01
-2.020370674133300781e+01
-2.100061988830566406e+01
-2.099164199829101562e+01
-2.193917274475097656e+01
-1.999399757385253906e+01
-2.032571792602539062e+01
-2.095953178405761719e+01
-2.780998229980468750e+01
-3.486215972900390625e+01
-2.145861625671386719e+01
-2.237851715087890625e+01
-2.174110984802246094e+01
-2.388047599792480469e+01
-2.278048324584960938e+01
-2.396195030212402344e+01
-2.378861045837402344e+01
-2.473740196228027344e+01
-2.521019744873046875e+01
-2.458672714233398438e+01
-2.356563568115234375e+01
-2.427519607543945312e+01
-2.442620658874511719e+01
-2.451826858520507812e+01
-2.199313163757324219e+01
-2.319010543823242188e+01
-2.407431030273437500e+01
-2.417395019531250000e+01
-2.380697059631347656e+01
-2.439209365844726562e+01
-2.425887680053710938e+01
-2.562355995178222656e+01
-2.585928153991699219e+01
-2.574294853210449219e+01
-2.571188545227050781e+01
-2.571563911437988281e+01
-2.588368988037109375e+01
-2.584350776672363281e+01
-2.638473892211914062e+01
-2.697135353088378906e+01
-2.808567619323730469e+01
-2.809011268615722656e+01
-3.109966468811035156e+01
-2.612040328979492188e+01
-2.803250503540039062e+01
-2.099731826782226562e+01
-2.532711982727050781e+01
-2.441918945312500000e+01
-2.094930076599121094e+01
-2.035770034790039062e+01
-2.245668601989746094e+01
-2.257771682739257812e+01
-2.283356666564941406e+01
-2.266886711120605469e+01
-2.538274002075195312e+01
-2.664800262451171875e+01
-2.532275390625000000e+01
-2.310304641723632812e+01
-2.666442680358886719e+01
-3.087789726257324219e+01
-2.872143363952636719e+01
-2.443721580505371094e+01
-2.502421951293945312e+01
-2.274802780151367188e+01
-2.275132560729980469e+01
-2.008788299560546875e+01
-2.300945854187011719e+01
-2.370835685729980469e+01
-2.323310852050781250e+01
-2.303647613525390625e+01
-2.247532272338867188e+01
-2.234379959106445312e+01
-2.250097465515136719e+01
-2.284337425231933594e+01
-2.198502540588378906e+01
-2.025098800659179688e+01
-1.969718360900878906e+01
-1.835047149658203125e+01
-2.630707168579101562e+01
-2.295932579040527344e+01
-2.740194702148437500e+01
-2.801258277893066406e+01
-3.087821578979492188e+01
-2.990069580078125000e+01
-2.470745849609375000e+01
-2.432428359985351562e+01
-2.532626914978027344e+01
-2.614728164672851562e+01
-2.288504219055175781e+01
-2.164389991760253906e+01
-2.358763694763183594e+01
-2.333614349365234375e+01
-2.194888687133789062e+01
-2.199129486083984375e+01
-2.048029136657714844e+01
-2.047341537475585938e+01
-1.869824790954589844e+01
-1.793730545043945312e+01
-1.829814910888671875e+01
-1.724549484252929688e+01
-1.701262092590332031e+01
-1.574024391174316406e+01
-1.576412296295166016e+01
-1.541285133361816406e+01
-1.448928451538085938e+01
-1.653370666503906250e+01
-1.686783409118652344e+01
-1.540731334686279297e+01
-1.528631305694580078e+01
-1.571188068389892578e+01
-1.512556648254394531e+01
-1.453500843048095703e+01
-1.365433025360107422e+01
-1.403559589385986328e+01
-1.389580631256103516e+01
-1.450988769531250000e+01
-1.615807914733886719e+01
-1.791519737243652344e+01
-1.633477401733398438e+01
-1.613466835021972656e+01
-1.633908843994140625e+01
-1.307065868377685547e+01
-1.807165336608886719e+01
-1.626754570007324219e+01
-1.531593704223632812e+01
-1.416442775726318359e+01
-1.337203025817871094e+01
-1.347956848144531250e+01
-1.269005680084228516e+01
-1.280381393432617188e+01
-1.597598361968994141e+01
-1.530144119262695312e+01
-1.092804050445556641e+01
-1.092263507843017578e+01
-1.210987854003906250e+01
-1.173792648315429688e+01
-1.264876079559326172e+01
-1.249579429626464844e+01
-1.236860179901123047e+01
-1.313455677032470703e+01
-1.417393875122070312e+01
-1.586508941650390625e+01
-1.642179489135742188e+01
-1.640260124206542969e+01
-1.586435985565185547e+01
-1.490885925292968750e+01
-1.584508323669433594e+01
-1.540080642700195312e+01
-1.659873962402343750e+01
-1.627727890014648438e+01
-1.540642929077148438e+01
-1.764499282836914062e+01
-1.812438774108886719e+01
-1.618986511230468750e+01
-1.501150512695312500e+01
-1.696287155151367188e+01
-1.625811767578125000e+01
-1.718428993225097656e+01
-1.852008628845214844e+01
-1.495038890838623047e+01
-1.442923736572265625e+01
-1.937943649291992188e+01
-1.805247306823730469e+01
-1.389991378784179688e+01
-1.546831703186035156e+01
-1.672765541076660156e+01
-1.765330886840820312e+01
-1.857982254028320312e+01
-1.838722419738769531e+01
-1.547986030578613281e+01
-1.807779121398925781e+01
-1.643560791015625000e+01
-1.506524753570556641e+01
-1.457577228546142578e+01
-1.283394432067871094e+01
-1.565351581573486328e+01
-1.601413726806640625e+01
-1.479414463043212891e+01
-1.588350009918212891e+01
-1.699288749694824219e+01
-1.900550079345703125e+01
-1.907427597045898438e+01
-9.032363891601562500e+00
-1.989892387390136719e+01
-1.801543617248535156e+01
-1.729983711242675781e+01
-1.757234573364257812e+01
-1.318452167510986328e+01
-8.776913642883300781e+00
-3.481086015701293945e+00
-1.100966072082519531e+01
-5.110623836517333984e+00
-1.527295017242431641e+01
-1.216292858123779297e+01
4.267283916473388672e+00
-5.361609935760498047e+00
-6.168668746948242188e+00
-3.482832431793212891e+00
-3.299459218978881836e+00
1.264961338043212891e+01
1.593482208251953125e+01
1.022968578338623047e+01
5.019952774047851562e+00
3.482247352600097656e+00
6.158440113067626953e+00
3.395262241363525391e+00
1.724833697080612183e-01
-2.280684471130371094e+00
1.689271330833435059e+00
1.397662281990051270e+00
1.706335902214050293e+00
1.286244630813598633e+00
2.439595222473144531e+00
3.681680917739868164e+00
3.976767778396606445e+00
5.493251800537109375e+00
7.548173069953918457e-01
-3.563106656074523926e-01
3.605510294437408447e-01
5.342956185340881348e-01
1.966419577598571777e+00
2.116352319717407227e+00
6.219510078430175781e+00
5.602911472320556641e+00
5.324452877044677734e+00
-7.968825817108154297e+00
-8.972821235656738281e+00
-3.665510654449462891e+00
6.394590139389038086e-01
-9.919894337654113770e-01
-3.635458469390869141e+00
-6.704388141632080078e+00
-4.886565208435058594e+00
-9.203645586967468262e-01
-4.352311134338378906e+00
5.390927195549011230e-01
1.352907538414001465e+00
9.662392139434814453e-01
1.958777189254760742e+00
6.387719631195068359e+00
7.675757408142089844e+00
2.682171106338500977e+00
5.243522167205810547e+00
6.261743545532226562e+00
5.322869300842285156e+00
3.934969902038574219e+00
6.442321300506591797e+00
4.356220722198486328e+00
2.507844924926757812e+00
6.694543361663818359e+00
7.916737198829650879e-01
2.928876399993896484e+00
3.073271274566650391e+00
4.012468338012695312e+00
2.551869630813598633e+00
2.134376764297485352e+00
-5.075412392616271973e-01
2.088542699813842773e+00
2.217375993728637695e+00
-1.528761088848114014e-01
4.164282798767089844e+00
5.482081413269042969e+00
4.235017299652099609e+00
6.232025146484375000e+00
3.937834024429321289e+00
6.880191802978515625e+00
-3.858659744262695312e+00
7.489419460296630859e+00
3.706814527511596680e+00
5.187646865844726562e+00
6.965873718261718750e+00
7.408405303955078125e+00
6.522017955780029297e+00
6.285080432891845703e+00
4.956737518310546875e+00
7.716189861297607422e+00
1.150280380249023438e+01
1.051917362213134766e+01
8.494071960449218750e+00
9.558024406433105469e+00
1.001584625244140625e+01
8.307129859924316406e+00
1.061723136901855469e+01
1.237731266021728516e+01
1.688447189331054688e+01
1.274301147460937500e+01
1.335474300384521484e+01
1.127223491668701172e+01
1.763159942626953125e+01
1.591497611999511719e+01
2.064200401306152344e+01
2.682280731201171875e+01
2.866046142578125000e+01
2.592714309692382812e+01
2.688500213623046875e+01
2.447388458251953125e+01
2.623057746887207031e+01
2.911109542846679688e+01
2.825790596008300781e+01
3.461463546752929688e+01
3.640810775756835938e+01
3.376129531860351562e+01
3.256092071533203125e+01
3.290262603759765625e+01
3.019694519042968750e+01
2.999326515197753906e+01
3.368456268310546875e+01
3.584809112548828125e+01
3.614473724365234375e+01
3.523461151123046875e+01
3.550339508056640625e+01
3.670791244506835938e+01
3.548163223266601562e+01
3.352737808227539062e+01
2.796179580688476562e+01
2.896854019165039062e+01
2.913094902038574219e+01
4.045652770996093750e+01
4.215596389770507812e+01
4.880858230590820312e+01
2.654332160949707031e+01
3.305781555175781250e+01
3.920826721191406250e+01
3.889218521118164062e+01
3.468992233276367188e+01
2.433147239685058594e+01
2.856645965576171875e+01
2.716786193847656250e+01
2.696512031555175781e+01
2.649521446228027344e+01
2.730227470397949219e+01
2.355292510986328125e+01
2.911260414123535156e+01
3.402377700805664062e+01
2.924839591979980469e+01
2.007629776000976562e+01
1.202522945404052734e+01
1.873057365417480469e+01
1.502204990386962891e+01
3.799608230590820312e+00
4.112757205963134766e+00
2.567489147186279297e+00
5.064713954925537109e+00
3.272213697433471680e+00
3.200170040130615234e+00
4.022195816040039062e+00
2.969932079315185547e+00
-2.208630561828613281e+00
1.126160383224487305e+00
2.482895851135253906e+00
3.219527006149291992e+00
5.289455890655517578e+00
6.363024711608886719e+00
7.420056462287902832e-01
-2.218297243118286133e+00
-3.276153326034545898e+00
-1.393628954887390137e+00
-2.962160587310791016e+00
-1.378861427307128906e+01
-3.466396570205688477e+00
1.031141662597656250e+01
-1.072984504699707031e+01
4.369759559631347656e+00
5.117620944976806641e+00
6.341834664344787598e-01
9.513173103332519531e+00
2.982692718505859375e-01
3.267984771728515625e+01
3.112583541870117188e+01
3.151498985290527344e+01
3.223475646972656250e+01
2.975785636901855469e+01
2.343278884887695312e+01
3.779126358032226562e+01
4.084340667724609375e+01
3.896275711059570312e+01
4.017314529418945312e+01
4.398057937622070312e+01
4.228086090087890625e+01
4.212140655517578125e+01
4.444151306152343750e+01
4.428972625732421875e+01
4.544717025756835938e+01
4.438282775878906250e+01
4.676925659179687500e+01
4.575453186035156250e+01
4.819588088989257812e+01
4.815262985229492188e+01
4.765222930908203125e+01
4.939638900756835938e+01
4.920475006103515625e+01
4.660956573486328125e+01
4.746871948242187500e+01
4.604026412963867188e+01
4.649417114257812500e+01
4.473897552490234375e+01
4.376612091064453125e+01
4.300878906250000000e+01
4.195071411132812500e+01
4.111710739135742188e+01
4.252100753784179688e+01
4.179701995849609375e+01
3.899231719970703125e+01
3.644580459594726562e+01
3.671556472778320312e+01
3.489037322998046875e+01
3.733147430419921875e+01
3.759071731567382812e+01
3.725046920776367188e+01
3.655431365966796875e+01
3.652437210083007812e+01
3.641652679443359375e+01
3.751359176635742188e+01
3.637405776977539062e+01
3.747779464721679688e+01
3.317829895019531250e+01
3.814893341064453125e+01
3.749520874023437500e+01
3.586534118652343750e+01
3.652612686157226562e+01
3.508110809326171875e+01
3.487032699584960938e+01
3.154443550109863281e+01
3.452387619018554688e+01
3.758985519409179688e+01
3.901891326904296875e+01
4.010617828369140625e+01
3.427310562133789062e+01
3.452215957641601562e+01
3.450622940063476562e+01
3.203695297241210938e+01
3.414813232421875000e+01
3.383927154541015625e+01
3.479286956787109375e+01
3.889524459838867188e+01
4.016470336914062500e+01
3.906117248535156250e+01
4.003179931640625000e+01
3.878913116455078125e+01
3.813964462280273438e+01
3.583833312988281250e+01
3.907762908935546875e+01
3.728995132446289062e+01
3.841224670410156250e+01
3.550782012939453125e+01
3.751613616943359375e+01
3.570613861083984375e+01
3.070581436157226562e+01
2.666088485717773438e+01
2.832182693481445312e+01
2.462496566772460938e+01
2.378845787048339844e+01
3.619997024536132812e+01
3.150000190734863281e+01
2.961672973632812500e+01
3.065158081054687500e+01
2.942935562133789062e+01
3.126414299011230469e+01
2.526306915283203125e+01
1.633200263977050781e+01
2.032250022888183594e+01
2.504990959167480469e+01
1.672598838806152344e+01
1.582496738433837891e+01
1.659939193725585938e+01
1.699755668640136719e+01
2.378372955322265625e+01
2.113249969482421875e+01
2.718143272399902344e+01
2.049271011352539062e+01
2.568849754333496094e+01
1.687273406982421875e+01
2.535284996032714844e+01
2.700869750976562500e+01
2.900120925903320312e+01
2.934383964538574219e+01
2.811021232604980469e+01
2.457064819335937500e+01
2.886990547180175781e+01
3.060004425048828125e+01
3.115191841125488281e+01
3.019526290893554688e+01
3.003955459594726562e+01
2.942116546630859375e+01
2.775732803344726562e+01
2.934107017517089844e+01
2.927362442016601562e+01
2.893445587158203125e+01
3.005054473876953125e+01
2.915633201599121094e+01
3.115477943420410156e+01
3.046485900878906250e+01
3.253472137451171875e+01
3.167555999755859375e+01
3.510466384887695312e+01
3.611791229248046875e+01
3.477344131469726562e+01
3.285897064208984375e+01
3.492541122436523438e+01
3.499438858032226562e+01
3.353411865234375000e+01
3.439824676513671875e+01
3.345427322387695312e+01
3.108395004272460938e+01
3.185799026489257812e+01
3.293313980102539062e+01
3.210508346557617188e+01
3.208200454711914062e+01
3.106429862976074219e+01
3.347329330444335938e+01
3.188442802429199219e+01
3.112824058532714844e+01
3.018526268005371094e+01
3.441678619384765625e+01
3.539634704589843750e+01
3.688952636718750000e+01
3.614157867431640625e+01
3.700501251220703125e+01
3.521583938598632812e+01
3.143877601623535156e+01
2.769241905212402344e+01
2.726172447204589844e+01
2.663424110412597656e+01
3.189450454711914062e+01
3.475237274169921875e+01
2.497813415527343750e+01
3.189296531677246094e+01
3.317994689941406250e+01
3.242776870727539062e+01
3.352937698364257812e+01
3.320753097534179688e+01
3.242575836181640625e+01
3.241110229492187500e+01
3.149302101135253906e+01
3.026979255676269531e+01
3.123943901062011719e+01
2.995243644714355469e+01
3.177870941162109375e+01
3.366422271728515625e+01
2.758292007446289062e+01
3.049927139282226562e+01
3.348880004882812500e+01
3.217476272583007812e+01
3.018081855773925781e+01
2.845778656005859375e+01
2.818336868286132812e+01
2.758345985412597656e+01
3.054666328430175781e+01
2.843087196350097656e+01
2.975652503967285156e+01
2.828863334655761719e+01
2.922834777832031250e+01
2.620126914978027344e+01
2.830292510986328125e+01
2.757829475402832031e+01
2.445642852783203125e+01
2.192560005187988281e+01
2.592732429504394531e+01
1.039156055450439453e+01
1.833097457885742188e+01
2.928366279602050781e+01
2.725642585754394531e+01
2.745927238464355469e+01
2.539980506896972656e+01
3.039475059509277344e+01
2.925922966003417969e+01
2.704337882995605469e+01
3.364977264404296875e+01
3.356486892700195312e+01
2.948998451232910156e+01
1.351757621765136719e+01
2.049089622497558594e+01
1.742795753479003906e+01
2.206687355041503906e+01
2.590795898437500000e+01
2.451622581481933594e+01
3.247991943359375000e+01
3.106338119506835938e+01
3.102487754821777344e+01
3.310415267944335938e+01
3.319430160522460938e+01
3.090369224548339844e+01
3.410630798339843750e+01
3.153918266296386719e+01
3.067260169982910156e+01
2.913818931579589844e+01
2.889816856384277344e+01
2.742883872985839844e+01
2.067471694946289062e+01
1.317613697052001953e+01
8.719940185546875000e+00
1.357198524475097656e+01
1.476904678344726562e+01
2.479256820678710938e+01
2.623098182678222656e+01
2.897097969055175781e+01
2.373395156860351562e+01
2.611681747436523438e+01
2.822706031799316406e+01
3.094010353088378906e+01
3.092247009277343750e+01
2.830663490295410156e+01
3.143084716796875000e+01
2.222915077209472656e+01
2.302518653869628906e+01
1.973264694213867188e+01
3.136181640625000000e+01
2.355562782287597656e+01
2.343714523315429688e+01
3.049879264831542969e+01
2.097081184387207031e+01
1.672338676452636719e+01
2.753009414672851562e+01
2.293536758422851562e+01
2.442314720153808594e+01
2.000017547607421875e+01
2.843825912475585938e+01
2.268000411987304688e+01
1.786601066589355469e+01
8.781098365783691406e+00
1.588115692138671875e+01
2.621923446655273438e+01
2.376696777343750000e+01
2.454487419128417969e+01
2.347002983093261719e+01
2.184164619445800781e+01
2.613876533508300781e+01
2.628525352478027344e+01
2.749514961242675781e+01
2.784263038635253906e+01
2.971586036682128906e+01
3.423226547241210938e+01
2.671828651428222656e+01
2.656869697570800781e+01
2.860647583007812500e+01
2.620788002014160156e+01
2.213594818115234375e+01
2.576661872863769531e+01
2.495425796508789062e+01
2.399378013610839844e+01
3.107999801635742188e+01
2.965159225463867188e+01
3.252021789550781250e+01
2.694587326049804688e+01
2.772960090637207031e+01
3.060064697265625000e+01
2.992588233947753906e+01
2.541252899169921875e+01
3.285297012329101562e+01
2.488892555236816406e+01
2.168997383117675781e+01
2.954335212707519531e+01
2.617051124572753906e+01
2.454895210266113281e+01
1.251786136627197266e+01
9.288022041320800781e+00
1.063664245605468750e+01
1.281931972503662109e+01
2.005699920654296875e+01
1.977217292785644531e+01
1.830490875244140625e+01
2.335426902770996094e+01
2.137674903869628906e+01
-5.760015249252319336e-01
1.995598793029785156e+01
2.785364723205566406e+01
1.879193687438964844e+01
2.176719856262207031e+01
2.933447074890136719e+01
2.471866607666015625e+01
2.316313552856445312e+01
1.905776214599609375e+01
1.936323928833007812e+01
2.103304862976074219e+01
2.747033309936523438e+01
2.769192504882812500e+01
2.591006469726562500e+01
2.259681701660156250e+01
2.105210304260253906e+01
2.384521293640136719e+01
1.789981460571289062e+01
2.351703834533691406e+01
2.494128608703613281e+01
2.458215904235839844e+01
2.041071701049804688e+01
2.873420715332031250e+01
2.886351394653320312e+01
1.153112220764160156e+01
2.148420333862304688e+01
2.172250747680664062e+01
1.527553176879882812e+01
1.298807978630065918e+00
1.613270187377929688e+01
2.104625701904296875e+01
2.210343551635742188e+01
2.485335350036621094e+01
2.273770713806152344e+01
2.872344970703125000e+01
2.970031738281250000e+01
2.799778175354003906e+01
2.034578895568847656e+01
1.739153480529785156e+01
1.994519424438476562e+01
1.345330810546875000e+01
1.886684036254882812e+01
1.964332199096679688e+01
1.785591316223144531e+01
1.178631401062011719e+01
1.307613277435302734e+01
2.179764747619628906e+01
1.700856399536132812e+01
1.500461387634277344e+01
1.699889755249023438e+01
2.524559974670410156e+01
2.343623161315917969e+01
1.997216796875000000e+01
7.799783706665039062e+00
1.828019523620605469e+01
2.272079467773437500e+01
1.803711509704589844e+01
1.812481880187988281e+01
1.480193519592285156e+01
1.730818176269531250e+01
1.650098419189453125e+01
1.834554100036621094e+01
2.321370887756347656e+01
1.984258842468261719e+01
1.966141128540039062e+01
1.823327636718750000e+01
1.905065155029296875e+01
1.915723991394042969e+01
2.154175567626953125e+01
2.265778923034667969e+01
2.193655776977539062e+01
2.304353332519531250e+01
2.286511993408203125e+01
2.218233108520507812e+01
2.437961387634277344e+01
1.891962242126464844e+01
2.223931312561035156e+01
1.937613105773925781e+01
2.023336791992187500e+01
1.754486083984375000e+01
2.027422523498535156e+01
2.302433586120605469e+01
2.014812088012695312e+01
2.208706855773925781e+01
2.435082054138183594e+01
2.347368240356445312e+01
1.062578964233398438e+01
1.746485328674316406e+01
2.325357627868652344e+01
2.407740020751953125e+01
2.406167602539062500e+01
1.920005607604980469e+01
2.217216491699218750e+01
2.549696540832519531e+01
2.940687370300292969e+01
2.940843582153320312e+01
2.912879943847656250e+01
3.091758537292480469e+01
2.874419784545898438e+01
3.161249923706054688e+01
3.132943534851074219e+01
2.866470527648925781e+01
2.329429054260253906e+01
2.745750808715820312e+01
2.665995407104492188e+01
2.353689002990722656e+01
2.402339935302734375e+01
2.484544563293457031e+01
1.912973213195800781e+01
2.186142921447753906e+01
1.838478660583496094e+01
1.501615047454833984e+01
1.846392250061035156e+01
2.324872779846191406e+01
2.384181404113769531e+01
2.391259956359863281e+01
1.765419006347656250e+01
1.869939422607421875e+01
1.691670608520507812e+01
1.395726203918457031e+01
2.034475708007812500e+01
2.206641578674316406e+01
2.047484588623046875e+01
2.542527580261230469e+01
2.690087509155273438e+01
2.972062301635742188e+01
2.750695419311523438e+01
2.469826507568359375e+01
2.669379234313964844e+01
2.031293106079101562e+01
2.222912788391113281e+01
2.275040054321289062e+01
2.125429916381835938e+01
2.230332946777343750e+01
2.271727371215820312e+01
2.246196746826171875e+01
2.201216888427734375e+01
1.586817359924316406e+01
1.930552101135253906e+01
1.481019401550292969e+01
1.404340457916259766e+01
1.266465854644775391e+01
1.495438098907470703e+01
2.209761428833007812e+01
1.588242053985595703e+01
1.237858295440673828e+01
8.534696578979492188e+00
6.064858913421630859e+00
2.368530654907226562e+01
2.689520418643951416e-01
2.501499176025390625e+01
-4.448086261749267578e+00
2.141653823852539062e+01
2.436042022705078125e+01
2.543341064453125000e+01
1.999834632873535156e+01
2.185858345031738281e+01
1.961184120178222656e+01
2.215978622436523438e+01
1.378890705108642578e+01
1.335453891754150391e+01
1.516812038421630859e+01
1.364524555206298828e+01
1.350053405761718750e+01
5.233566761016845703e+00
2.418260192871093750e+01
2.713760185241699219e+01
2.876404380798339844e+01
1.549840164184570312e+01
2.085162162780761719e+01
2.167650604248046875e+01
1.880095481872558594e+01
1.965510559082031250e+01
2.347478294372558594e+01
1.739275169372558594e+01
2.060330772399902344e+01
2.235164833068847656e+01
1.493387699127197266e+01
1.554061985015869141e+01
9.061853408813476562e+00
1.718594932556152344e+01
2.433127784729003906e+01
2.274776649475097656e+01
1.692392539978027344e+01
1.119994544982910156e+01
1.723258590698242188e+01
8.994676589965820312e+00
7.939332962036132812e+00
1.390112400054931641e+01
1.722138214111328125e+01
8.269527435302734375e+00
9.948789596557617188e+00
9.684646606445312500e+00
2.365948915481567383e+00
5.342659473419189453e+00
3.107215881347656250e+00
7.422623634338378906e+00
9.897990226745605469e+00
1.522452354431152344e+01
1.973262405395507812e+01
1.311338329315185547e+01
1.396469974517822266e+01
1.601084899902343750e+01
9.417989730834960938e+00
1.004861927032470703e+01
1.252231884002685547e+01
1.063795948028564453e+01
6.856190204620361328e+00
8.183043479919433594e+00
6.631258010864257812e+00
-3.177325427532196045e-01
1.755963706970214844e+01
1.172696495056152344e+01
1.506224441528320312e+01
1.334642982482910156e+01
1.312376880645751953e+01
1.083101558685302734e+01
4.102731704711914062e+00
1.103944396972656250e+01
1.277675056457519531e+01
1.145702362060546875e+01
2.020631980895996094e+01
2.969156026840209961e+00
2.345964813232421875e+01
1.935448455810546875e+01
1.940736579895019531e+01
1.014784049987792969e+01
2.250901985168457031e+01
1.754051399230957031e+01
2.220005226135253906e+01
1.846035385131835938e+01
2.019250869750976562e+01
1.862817955017089844e+01
1.975735282897949219e+01
1.845978927612304688e+01
1.852790451049804688e+01
2.017292404174804688e+01
2.332440948486328125e+01
2.201814842224121094e+01
1.446850967407226562e+01
1.439090538024902344e+01
1.764826393127441406e+01
2.145775413513183594e+01
2.241390419006347656e+01
2.031252288818359375e+01
1.537054729461669922e+01
1.920889091491699219e+01
1.955501556396484375e+01
1.792109489440917969e+01
1.891189384460449219e+01
1.422089290618896484e+01
1.912516975402832031e+01
2.228139877319335938e+01
2.176067543029785156e+01
1.987498855590820312e+01
2.394026565551757812e+01
2.052843856811523438e+01
1.694242095947265625e+01
2.203886604309082031e+01
1.583052062988281250e+01
1.791656494140625000e+01
1.727345085144042969e+01
1.335337066650390625e+01
1.823432350158691406e+01
1.808816337585449219e+01
1.785362052917480469e+01
1.720650482177734375e+01
1.589356231689453125e+01
1.674055862426757812e+01
1.902874374389648438e+01
1.728906059265136719e+01
1.908748245239257812e+01
1.728263664245605469e+01
1.828232192993164062e+01
2.141271018981933594e+01
1.619697952270507812e+01
1.428471565246582031e+01
1.447312927246093750e+01
2.046905326843261719e+01
1.672960281372070312e+01
1.544357109069824219e+01
1.739580535888671875e+01
1.733979797363281250e+01
1.998588943481445312e+01
2.048012161254882812e+01
1.998496055603027344e+01
2.028256034851074219e+01
2.172853851318359375e+01
2.002821922302246094e+01
1.711466407775878906e+01
2.082426452636718750e+01
1.762717819213867188e+01
1.870718574523925781e+01
1.992925071716308594e+01
2.164726257324218750e+01
1.672628211975097656e+01
2.017373847961425781e+01
1.553290557861328125e+01
1.180319595336914062e+01
2.215694427490234375e+01
2.052332305908203125e+01
2.511596870422363281e+01
2.092907714843750000e+01
2.207247161865234375e+01
2.217425918579101562e+01
2.154729270935058594e+01
1.959990692138671875e+01
2.173688316345214844e+01
2.198953247070312500e+01
1.873960494995117188e+01
2.318287086486816406e+01
2.166536903381347656e+01
1.388573837280273438e+01
1.975727081298828125e+01
1.623537063598632812e+01
1.757463645935058594e+01
1.375436687469482422e+01
2.126250648498535156e+01
1.896609306335449219e+01
2.124233245849609375e+01
2.020882797241210938e+01
1.737877845764160156e+01
2.261404609680175781e+01
2.222475242614746094e+01
2.208162307739257812e+01
1.718558883666992188e+01
2.050553131103515625e+01
2.290737152099609375e+01
2.505371093750000000e+01
2.354189682006835938e+01
2.339258956909179688e+01
2.156938743591308594e+01
2.331284523010253906e+01
1.487167930603027344e+01
2.039413261413574219e+01
2.159645271301269531e+01
1.896553421020507812e+01
1.410733604431152344e+01
1.957078742980957031e+01
1.974545097351074219e+01
1.763899993896484375e+01
1.902619171142578125e+01
1.959735870361328125e+01
1.887619781494140625e+01
1.502513694763183594e+01
1.859597396850585938e+01
1.422303009033203125e+01
1.304014301300048828e+01
1.378914928436279297e+01
2.007226753234863281e+01
1.524318027496337891e+01
1.975556373596191406e+01
1.845966720581054688e+01
1.591783714294433594e+01
1.540969085693359375e+01
1.523616123199462891e+01
1.697709465026855469e+01
1.651668357849121094e+01
1.595785045623779297e+01
1.506314849853515625e+01
1.394493770599365234e+01
1.666110038757324219e+01
1.602035713195800781e+01
1.400690364837646484e+01
1.346864986419677734e+01
1.620886039733886719e+01
1.550500488281250000e+01
1.504141426086425781e+01
1.665140914916992188e+01
1.559647941589355469e+01
1.018994426727294922e+01
1.644918441772460938e+01
1.448663043975830078e+01
1.251596355438232422e+01
1.370998573303222656e+01
1.675044822692871094e+01
1.378589439392089844e+01
1.396224308013916016e+01
1.054852104187011719e+01
1.157579708099365234e+01
1.208623409271240234e+01
1.330520153045654297e+01
1.545130920410156250e+01
1.193192195892333984e+01
9.837397575378417969e+00
1.309500312805175781e+01
9.381820678710937500e+00
8.031552314758300781e+00
4.090791225433349609e+00
9.500154495239257812e+00
1.012647151947021484e+01
4.445046424865722656e+00
8.120206832885742188e+00
8.500656127929687500e+00
6.897265434265136719e+00
5.880196094512939453e+00
2.472293615341186523e+00
7.309612274169921875e+00
5.992575168609619141e+00
6.777208328247070312e+00
5.091893672943115234e+00
6.385591983795166016e+00
5.687718391418457031e+00
9.124958038330078125e+00
1.026342678070068359e+01
8.947907447814941406e+00
1.012607192993164062e+01
1.046364021301269531e+01
1.031051158905029297e+01
1.330345630645751953e+01
9.378537178039550781e+00
8.904258728027343750e+00
7.362933158874511719e+00
8.319498062133789062e+00
1.087502765655517578e+01
8.609461784362792969e+00
9.887467384338378906e+00
1.022851657867431641e+01
1.657963752746582031e+01
1.324104690551757812e+01
9.794444084167480469e+00
1.595966148376464844e+01
1.319692993164062500e+01
1.498330593109130859e+01
1.418947792053222656e+01
1.572502422332763672e+01
1.518975448608398438e+01
1.400534057617187500e+01
1.505874919891357422e+01
9.896681785583496094e+00
1.177289390563964844e+01
9.762617111206054688e+00
1.355709648132324219e+01
1.256315803527832031e+01
4.057848930358886719e+00
1.124958515167236328e+01
1.052829551696777344e+01
9.760882377624511719e+00
1.387989711761474609e+01
1.056697368621826172e+01
1.106150627136230469e+01
1.069335174560546875e+01
9.660777091979980469e+00
1.007884979248046875e+01
1.236121845245361328e+01
1.089300918579101562e+01
1.186927223205566406e+01
1.075423240661621094e+01
1.130567264556884766e+01
1.137301349639892578e+01
1.365965175628662109e+01
1.137537193298339844e+01
1.026289653778076172e+01
1.372691822052001953e+01
8.566534996032714844e+00
1.109194469451904297e+01
6.818190097808837891e+00
1.408783435821533203e+01
1.099977493286132812e+01
1.483103370666503906e+01
1.017651844024658203e+01
1.163420486450195312e+01
9.393265724182128906e+00
1.165873622894287109e+01
1.166641426086425781e+01
1.313749408721923828e+01
1.138859844207763672e+01
1.128032588958740234e+01
1.036651611328125000e+01
1.132654571533203125e+01
9.802316665649414062e+00
1.035284996032714844e+01
1.179114723205566406e+01
1.579251480102539062e+01
1.288782596588134766e+01
1.213440227508544922e+01
1.145296192169189453e+01
1.069468212127685547e+01
1.147875022888183594e+01
1.125092220306396484e+01
1.341473484039306641e+01
8.333591461181640625e+00
9.470814704895019531e+00
1.259687995910644531e+01
1.155413722991943359e+01
1.260728263854980469e+01
1.125885105133056641e+01
8.301770210266113281e+00
1.217135429382324219e+01
1.168546009063720703e+01
1.146762847900390625e+01
1.048542213439941406e+01
1.166492176055908203e+01
7.717672348022460938e+00
1.253674888610839844e+01
1.322562026977539062e+01
1.381559276580810547e+01
1.385619449615478516e+01
1.449716186523437500e+01
1.273068904876708984e+01
1.349955558776855469e+01
1.270487785339355469e+01
1.295822715759277344e+01
1.322491550445556641e+01
1.350403690338134766e+01
1.491175746917724609e+01
1.516163349151611328e+01
1.488035297393798828e+01
1.326838874816894531e+01
1.426376533508300781e+01
1.431984710693359375e+01
1.422531795501708984e+01
1.458735275268554688e+01
1.316252994537353516e+01
1.404203605651855469e+01
1.438858604431152344e+01
1.419528102874755859e+01
1.516042041778564453e+01
1.551759719848632812e+01
1.534450912475585938e+01
1.526286411285400391e+01
1.457988262176513672e+01
1.407212638854980469e+01
1.444329166412353516e+01
1.509727001190185547e+01
1.531097793579101562e+01
1.440006923675537109e+01
1.396195983886718750e+01
1.209386253356933594e+01
1.081736850738525391e+01
1.245111083984375000e+01
1.178553962707519531e+01
1.282981204986572266e+01
1.090190029144287109e+01
1.372107315063476562e+01
1.243526268005371094e+01
1.403112220764160156e+01
1.655200386047363281e+01
1.702240371704101562e+01
1.527691841125488281e+01
1.506144618988037109e+01
1.544656467437744141e+01
1.688579559326171875e+01
1.449623107910156250e+01
1.429281139373779297e+01
1.431394577026367188e+01
1.267573451995849609e+01
1.194881343841552734e+01
1.257507896423339844e+01
1.402098846435546875e+01
1.413942146301269531e+01
1.384448719024658203e+01
1.368441677093505859e+01
1.334768486022949219e+01
1.310595607757568359e+01
1.297439384460449219e+01
1.412713432312011719e+01
1.367578315734863281e+01
1.389530849456787109e+01
1.477101993560791016e+01
1.486993026733398438e+01
1.434572124481201172e+01
1.515603733062744141e+01
1.498108577728271484e+01
1.535219478607177734e+01
1.505198001861572266e+01
1.528099250793457031e+01
1.568399620056152344e+01
1.559121799468994141e+01
1.506212043762207031e+01
1.595583820343017578e+01
1.534048843383789062e+01
1.465723419189453125e+01
1.677910041809082031e+01
1.643444824218750000e+01
1.599888896942138672e+01
1.657802581787109375e+01
1.603785324096679688e+01
1.605231857299804688e+01
1.686307525634765625e+01
1.549436855316162109e+01
1.430012989044189453e+01
1.741601371765136719e+01
1.447205543518066406e+01
1.668511962890625000e+01
1.730594062805175781e+01
1.597934341430664062e+01
1.415664577484130859e+01
1.630363082885742188e+01
1.457973766326904297e+01
1.237858009338378906e+01
1.247971916198730469e+01
1.402653789520263672e+01
1.131364727020263672e+01
1.002117347717285156e+01
1.261951541900634766e+01
1.435490608215332031e+01
1.477474594116210938e+01
1.056544780731201172e+01
1.614149093627929688e+01
1.594846343994140625e+01
1.577743434906005859e+01
1.703425407409667969e+01
1.668770408630371094e+01
1.498718929290771484e+01
1.758694839477539062e+01
1.707235908508300781e+01
1.697577667236328125e+01
1.610963249206542969e+01
1.650377082824707031e+01
1.488228893280029297e+01
1.451860523223876953e+01
1.462248611450195312e+01
1.459138298034667969e+01
1.661913108825683594e+01
1.549270629882812500e+01
1.736054039001464844e+01
1.769053268432617188e+01
1.478525924682617188e+01
1.912363815307617188e+01
9.835091590881347656e+00
1.695625114440917969e+01
1.434728527069091797e+01
1.522000694274902344e+01
1.733116340637207031e+01
1.556816959381103516e+01
1.525375461578369141e+01
1.628423881530761719e+01
1.676494789123535156e+01
1.731973266601562500e+01
1.640837287902832031e+01
1.812347030639648438e+01
1.654816246032714844e+01
1.703408622741699219e+01
1.728837394714355469e+01
1.612795066833496094e+01
1.714617919921875000e+01
1.527184867858886719e+01
1.612944602966308594e+01
1.213567924499511719e+01
1.028158569335937500e+01
1.126875972747802734e+01
1.220786190032958984e+01
1.357818794250488281e+01
1.405584907531738281e+01
1.651121520996093750e+01
1.556801986694335938e+01
1.765671730041503906e+01
2.022408485412597656e+01
1.349998855590820312e+01
1.474660873413085938e+01
1.767021942138671875e+01
1.912464714050292969e+01
1.869510078430175781e+01
1.781959342956542969e+01
1.570683193206787109e+01
1.726820945739746094e+01
1.307678985595703125e+01
1.549346065521240234e+01
1.560020351409912109e+01
1.420237636566162109e+01
1.487365818023681641e+01
1.557073020935058594e+01
1.520568752288818359e+01
1.680661773681640625e+01
1.631729698181152344e+01
1.648156547546386719e+01
1.673019790649414062e+01
1.796731185913085938e+01
1.979814529418945312e+01
1.674915885925292969e+01
1.588864040374755859e+01
1.484466266632080078e+01
1.559002590179443359e+01
1.735978126525878906e+01
1.908959579467773438e+01
2.003405952453613281e+01
2.090626907348632812e+01
1.986783409118652344e+01
1.942015647888183594e+01
1.763769721984863281e+01
1.666464424133300781e+01
1.819931602478027344e+01
2.041223907470703125e+01
1.918791198730468750e+01
1.962632942199707031e+01
1.975051307678222656e+01
1.917015457153320312e+01
1.876143074035644531e+01
1.837118530273437500e+01
1.810458946228027344e+01
1.775259017944335938e+01
1.769351196289062500e+01
1.627192687988281250e+01
1.384189796447753906e+01
1.550140571594238281e+01
1.482780838012695312e+01
1.534786891937255859e+01
1.477716636657714844e+01
1.475474357604980469e+01
1.462000656127929688e+01
1.364554023742675781e+01
1.374888038635253906e+01
1.455501079559326172e+01
1.564178848266601562e+01
1.357008075714111328e+01
1.393122291564941406e+01
1.500271701812744141e+01
9.465416908264160156e+00
5.743432044982910156e+00
1.611947298049926758e+00
1.147820758819580078e+01
1.167054748535156250e+01
9.490769386291503906e+00
-3.064390420913696289e+00
1.059813499450683594e+01
1.572990798950195312e+01
1.475361728668212891e+01
1.387839984893798828e+01
1.264839649200439453e+01
1.262279319763183594e+01
1.167096138000488281e+01
1.198171520233154297e+01
1.079227828979492188e+01
1.459952259063720703e+01
1.114394855499267578e+01
1.126353454589843750e+01
1.043158054351806641e+01
9.674511909484863281e+00
8.834024429321289062e+00
1.139134788513183594e+01
1.093708992004394531e+01
1.068324851989746094e+01
9.077241897583007812e+00
9.542495727539062500e+00
1.032791137695312500e+01
1.153544712066650391e+01
1.182507801055908203e+01
1.115216827392578125e+01
1.213665294647216797e+01
9.397650718688964844e+00
1.307535934448242188e+01
1.282711791992187500e+01
3.054486274719238281e+00
4.992310047149658203e+00
8.051761627197265625e+00
4.304707527160644531e+00
5.970975399017333984e+00
4.258387565612792969e+00
5.537055969238281250e+00
4.626735210418701172e+00
4.647964954376220703e+00
6.411982059478759766e+00
7.514491081237792969e+00
1.013946342468261719e+01
1.039716720581054688e+01
1.297177505493164062e+01
1.359145927429199219e+01
8.891285896301269531e+00
6.117551803588867188e+00
1.288355064392089844e+01
1.084729290008544922e+01
1.169270324707031250e+01
1.216938495635986328e+01
1.299273490905761719e+01
1.205499172210693359e+01
1.188160800933837891e+01
1.117711353302001953e+01
1.211994075775146484e+01
1.188572025299072266e+01
8.836010932922363281e+00
9.930241584777832031e+00
1.115522575378417969e+01
4.500218868255615234e+00
7.553426265716552734e+00
1.107736968994140625e+01
1.049284362792968750e+01
8.349873542785644531e+00
1.156988620758056641e+01
1.457797431945800781e+01
1.231985473632812500e+01
1.616197204589843750e+01
1.854997444152832031e+01
1.836264228820800781e+01
1.455941772460937500e+01
1.878750228881835938e+01
1.715696525573730469e+01
1.674953842163085938e+01
1.936595535278320312e+01
1.924475479125976562e+01
2.028844451904296875e+01
5.987878322601318359e+00
9.322441101074218750e+00
1.130639362335205078e+01
9.950612068176269531e+00
1.032459545135498047e+01
9.552368164062500000e+00
8.292644500732421875e+00
1.406654453277587891e+01
1.035200405120849609e+01
6.181390762329101562e+00
8.187326431274414062e+00
8.252351760864257812e+00
7.013589859008789062e+00
6.462899684906005859e+00
1.368891906738281250e+01
1.601115036010742188e+01
8.140100538730621338e-02
-1.347059845924377441e+00
-2.303053855895996094e+00
2.741013765335083008e+00
3.047393321990966797e+00
-1.330796957015991211e+00
7.308165431022644043e-01
-2.767384767532348633e+00
-7.356257438659667969e+00
-6.832546710968017578e+00
7.138457298278808594e+00
1.241290211677551270e+00
5.019783973693847656e+00
1.059865117073059082e+00
2.796830177307128906e+00
4.804066181182861328e+00
9.150960922241210938e+00
1.222842788696289062e+01
1.024888324737548828e+01
1.285108566284179688e+01
1.168041896820068359e+01
9.129635810852050781e+00
1.051290798187255859e+01
9.563551902770996094e+00
1.618920135498046875e+01
1.428548336029052734e+01
1.379416561126708984e+01
1.077826690673828125e+01
1.095963859558105469e+01
1.297413635253906250e+01
1.235006237030029297e+01
1.085710906982421875e+01
1.082010078430175781e+01
1.335820007324218750e+01
8.676246643066406250e+00
1.317415809631347656e+01
7.277595996856689453e+00
9.355427742004394531e+00
1.173772621154785156e+01
1.091621971130371094e+01
9.158831596374511719e+00
1.234601497650146484e+01
1.011083602905273438e+01
1.351416015625000000e+01
1.253388690948486328e+01
1.138672351837158203e+01
8.515004158020019531e+00
-3.086907863616943359e+00
2.136521577835083008e+00
7.937524318695068359e+00
7.200345039367675781e+00
1.074019622802734375e+01
1.073851776123046875e+01
8.760225296020507812e+00
7.499262332916259766e+00
1.512398433685302734e+01
1.424808311462402344e+01
1.331410884857177734e+01
1.028637790679931641e+01
1.157112312316894531e+01
1.029951190948486328e+01
9.163075447082519531e+00
1.313280773162841797e+01
1.184991645812988281e+01
1.280216503143310547e+01
1.139591789245605469e+01
6.657160758972167969e+00
6.583665847778320312e+00
6.518039226531982422e+00
4.440256595611572266e+00
5.010767459869384766e+00
-4.796334266662597656e+00
5.954678058624267578e+00
3.505486249923706055e+00
3.830943584442138672e+00
2.166554212570190430e+00
5.478030204772949219e+00
-7.458911538124084473e-01
-8.455809354782104492e-01
-6.001945734024047852e-01
-4.699976444244384766e+00
-5.405918121337890625e+00
-3.098825931549072266e+00
-2.100010156631469727e+00
1.363761782646179199e+00
6.704893589019775391e+00
8.342753410339355469e+00
6.707565307617187500e+00
1.029242515563964844e+01
9.267635345458984375e+00
1.587926483154296875e+01
1.425643253326416016e+01
1.179568004608154297e+01
1.230283355712890625e+01
1.439748573303222656e+01
1.143110466003417969e+01
6.128482341766357422e+00
6.419033527374267578e+00
6.228338241577148438e+00
4.601449012756347656e+00
9.640918731689453125e+00
-6.707928180694580078e+00
1.172754764556884766e+01
-2.392770528793334961e+00
-3.120409727096557617e+00
-1.193203544616699219e+01
8.268687129020690918e-01
1.964684295654296875e+01
2.044829940795898438e+01
1.723717498779296875e+01
1.670551109313964844e+01
1.355952072143554688e+01
-6.835729598999023438e+00
6.263324737548828125e+00
1.354861640930175781e+01
1.862062644958496094e+01
-5.197309017181396484e+00
-8.948561549186706543e-01
1.524294948577880859e+01
1.282022094726562500e+01
8.530034065246582031e+00
9.487297058105468750e+00
5.075271129608154297e+00
1.155454826354980469e+01
1.188741207122802734e+01
1.036800575256347656e+01
9.165166854858398438e+00
1.773371124267578125e+01
1.288618373870849609e+01
1.712978553771972656e+01
1.905202293395996094e+01
1.941016769409179688e+01
1.930948829650878906e+01
1.771522712707519531e+01
1.843644905090332031e+01
1.949632835388183594e+01
2.065681457519531250e+01
1.944348526000976562e+01
1.617040443420410156e+01
1.031651306152343750e+01
1.723634147644042969e+01
1.730568695068359375e+01
1.610865402221679688e+01
1.431997108459472656e+01
1.454192829132080078e+01
-3.276590347290039062e+00
-3.121013879776000977e+00
6.424695968627929688e+00
1.871740579605102539e+00
-9.392742514610290527e-01
2.769716262817382812e+00
1.035925579071044922e+01
1.775860786437988281e+01
1.754397392272949219e+01
1.582747650146484375e+01
1.972990226745605469e+01
2.059906196594238281e+01
2.228643989562988281e+01
2.193855476379394531e+01
2.008011054992675781e+01
2.159498786926269531e+01
2.039399719238281250e+01
2.082292938232421875e+01
1.906837272644042969e+01
2.180900955200195312e+01
1.949096488952636719e+01
2.142967987060546875e+01
2.147313690185546875e+01
1.620068931579589844e+01
1.391756153106689453e+01
2.080051231384277344e+01
2.185515785217285156e+01
2.132931709289550781e+01
2.094354629516601562e+01
2.120987129211425781e+01
1.994741058349609375e+01
2.056237602233886719e+01
2.005497932434082031e+01
1.994592094421386719e+01
2.030937957763671875e+01
1.992260169982910156e+01
1.897618675231933594e+01
2.040532684326171875e+01
2.145667648315429688e+01
1.969615554809570312e+01
2.186223602294921875e+01
2.190930557250976562e+01
1.819932174682617188e+01
1.421115779876708984e+01
2.118582153320312500e+01
1.907518386840820312e+01
1.538162899017333984e+01
1.772860717773437500e+01
1.918783569335937500e+01
8.582405090332031250e+00
1.867290115356445312e+01
1.272605037689208984e+01
1.608511352539062500e+01
2.002688789367675781e+01
2.105670547485351562e+01
1.388134670257568359e+01
1.005368232727050781e+01
1.797425842285156250e+01
1.789739799499511719e+01
2.040514755249023438e+01
2.097479248046875000e+01
1.682760810852050781e+01
1.765557098388671875e+01
1.779742050170898438e+01
1.976536941528320312e+01
1.790373802185058594e+01
1.989652061462402344e+01
2.030166816711425781e+01
2.191646766662597656e+01
2.151866531372070312e+01
2.058334350585937500e+01
